# Time Series: Sine(t)
# Time (s),Acceleration (g's)
0.000000000000000000e+00,0.000000000000000000e+00
1.001038551329726939e-02,1.001021832765312466e-02
2.002077102659453878e-02,2.001943356154520931e-02
3.003115653989180817e-02,3.002664270843221489e-02
4.004154205318907755e-02,4.003084297609402209e-02
5.005192756648634694e-02,5.003103187382122036e-02
6.006231307978361633e-02,6.002620731287165723e-02
7.007269859308087878e-02,7.001536770688676636e-02
8.008308410637815511e-02,7.999751207225745675e-02
9.009346961967543144e-02,8.997164012842973069e-02
1.001038551329726939e-01,9.993675239813966382e-02
1.101142406462699563e-01,1.098918503075681646e-01
1.201246261595672327e-01,1.198359362864048899e-01
1.301350116728645090e-01,1.297680138678118655e-01
1.401453971861617576e-01,1.396870877882763207e-01
1.501557826994590339e-01,1.495921640873431602e-01
1.601661682127563102e-01,1.594822502072166248e-01
1.701765537260535865e-01,1.693563550922215777e-01
1.801869392393508629e-01,1.792134892881142028e-01
1.901973247526481114e-01,1.890526650412321374e-01
2.002077102659453878e-01,1.988728963974744635e-01
2.102180957792426641e-01,2.086731993011010644e-01
2.202284812925399127e-01,2.184525916933418022e-01
2.302388668058371890e-01,2.282100936108058808e-01
2.402492523191344653e-01,2.379447272836808791e-01
2.502596378324317139e-01,2.476555172337120692e-01
2.602700233457290180e-01,2.573414903719523084e-01
2.702804088590262666e-01,2.670016760962721225e-01
2.802907943723235151e-01,2.766351063886210437e-01
2.903011798856208192e-01,2.862408159120297668e-01
3.003115653989180678e-01,2.958178421073432984e-01
3.103219509122153719e-01,3.053652252896765784e-01
3.203323364255126204e-01,3.148820087445812765e-01
3.303427219388098690e-01,3.243672388239154936e-01
3.403531074521071731e-01,3.338199650414058750e-01
3.503634929654044217e-01,3.432392401678926452e-01
3.603738784787017257e-01,3.526241203262492352e-01
3.703842639919989743e-01,3.619736650859647908e-01
3.803946495052962229e-01,3.712869375573821795e-01
3.904050350185935270e-01,3.805630044855808358e-01
4.004154205318907755e-01,3.898009363438952324e-01
4.104258060451880241e-01,3.989998074270600936e-01
4.204361915584853282e-01,4.081586959439726381e-01
4.304465770717825768e-01,4.172766841100622459e-01
4.404569625850798253e-01,4.263528582392590027e-01
4.504673480983771294e-01,4.353863088355514610e-01
4.604777336116743780e-01,4.443761306841244041e-01
4.704881191249716821e-01,4.533214229420676755e-01
4.804985046382689307e-01,4.622212892286470254e-01
4.905088901515661792e-01,4.710748377151276478e-01
5.005192756648634278e-01,4.798811812141416944e-01
5.105296611781607874e-01,4.886394372685907150e-01
5.205400466914580360e-01,4.973487282400735898e-01
5.305504322047552845e-01,5.060081813968326792e-01
5.405608177180525331e-01,5.146169290012072572e-01
5.505712032313497817e-01,5.231741083965867345e-01
5.605815887446470303e-01,5.316788620938553978e-01
5.705919742579443898e-01,5.401303378573182323e-01
5.806023597712416384e-01,5.485276887901011644e-01
5.906127452845388870e-01,5.568700734190161761e-01
6.006231307978361356e-01,5.651566557788824108e-01
6.106335163111333841e-01,5.733866054962961645e-01
6.206439018244307437e-01,5.815590978728398808e-01
6.306542873377279923e-01,5.896733139677223789e-01
6.406646728510252409e-01,5.977284406798430982e-01
6.506750583643224894e-01,6.057236708292699223e-01
6.606854438776197380e-01,6.136582032381245888e-01
6.706958293909170976e-01,6.215312428108662468e-01
6.807062149042143462e-01,6.293420006139652800e-01
6.907166004175115948e-01,6.370896939549605120e-01
7.007269859308088433e-01,6.447735464608899125e-01
7.107373714441060919e-01,6.523927881560889208e-01
7.207477569574034515e-01,6.599466555393472822e-01
7.307581424707007001e-01,6.674343916604171811e-01
7.407685279839979486e-01,6.748552461958648996e-01
7.507789134972951972e-01,6.822084755242585619e-01
7.607892990105924458e-01,6.894933428006841947e-01
7.707996845238896944e-01,6.967091180305827747e-01
7.808100700371870539e-01,7.038550781429004921e-01
7.908204555504843025e-01,7.109305070625456802e-01
8.008308410637815511e-01,7.179346957821447495e-01
8.108412265770787997e-01,7.248669424330896893e-01
8.208516120903760482e-01,7.317265523558694751e-01
8.308619976036734078e-01,7.385128381696810518e-01
8.408723831169706564e-01,7.452251198413081257e-01
8.508827686302679050e-01,7.518627247532668756e-01
8.608931541435651535e-01,7.584249877712058163e-01
8.709035396568624021e-01,7.649112513105571498e-01
8.809139251701596507e-01,7.713208654024316102e-01
8.909243106834570103e-01,7.776531877587495867e-01
9.009346961967542589e-01,7.839075838366027504e-01
9.109450817100515074e-01,7.900834269018403022e-01
9.209554672233487560e-01,7.961800980918714021e-01
9.309658527366460046e-01,8.021969864776801185e-01
9.409762382499433642e-01,8.081334891250442354e-01
9.509866237632406127e-01,8.139890111549538121e-01
9.609970092765378613e-01,8.197629658032221656e-01
9.710073947898351099e-01,8.254547744792837261e-01
9.810177803031323585e-01,8.310638668241725480e-01
9.910281658164297180e-01,8.365896807676771463e-01
1.001038551329726856e+00,8.420316625846624436e-01
1.011048936843024215e+00,8.473892669505583841e-01
1.021059322356321575e+00,8.526619569960043332e-01
1.031069707869618712e+00,8.578492043606472661e-01
1.041080093382916072e+00,8.629504892460874155e-01
1.051090478896213209e+00,8.679653004679653838e-01
1.061100864409510569e+00,8.728931355071869458e-01
1.071111249922807929e+00,8.777335005602782125e-01
1.081121635436105066e+00,8.824859105888686051e-01
1.091132020949402426e+00,8.871498893682953080e-01
1.101142406462699563e+00,8.917249695353236527e-01
1.111152791975996923e+00,8.962106926349810987e-01
1.121163177489294061e+00,9.006066091664963746e-01
1.131173563002591420e+00,9.049122786283440023e-01
1.141183948515888780e+00,9.091272695623845435e-01
1.151194334029185917e+00,9.132511595971000151e-01
1.161204719542483277e+00,9.172835354899188109e-01
1.171215105055780414e+00,9.212239931686251326e-01
1.181225490569077774e+00,9.250721377718500449e-01
1.191235876082375134e+00,9.288275836886391579e-01
1.201246261595672271e+00,9.324899545970933845e-01
1.211256647108969631e+00,9.360588835020796639e-01
1.221267032622266768e+00,9.395340127720057666e-01
1.231277418135564128e+00,9.429149941746579611e-01
1.241287803648861487e+00,9.462014889120959893e-01
1.251298189162158625e+00,9.493931676546027987e-01
1.261308574675455985e+00,9.524897105736864766e-01
1.271318960188753122e+00,9.554908073741283925e-01
1.281329345702050482e+00,9.583961573250776578e-01
1.291339731215347841e+00,9.612054692901860209e-01
1.301350116728644979e+00,9.639184617567816415e-01
1.311360502241942338e+00,9.665348628640791917e-01
1.321370887755239476e+00,9.690544104304217310e-01
1.331381273268536836e+00,9.714768519795534685e-01
1.341391658781834195e+00,9.738019447659191918e-01
1.351402044295131333e+00,9.760294557989894759e-01
1.361412429808428692e+00,9.781591618666078958e-01
1.371422815321725830e+00,9.801908495573582458e-01
1.381433200835023190e+00,9.821243152819499889e-01
1.391443586348320549e+00,9.839593652936194923e-01
1.401453971861617687e+00,9.856958157075443872e-01
1.411464357374915046e+00,9.873334925192706057e-01
1.421474742888212184e+00,9.888722316221482123e-01
1.431485128401509543e+00,9.903118788237769143e-01
1.441495513914806903e+00,9.916522898614563708e-01
1.451505899428104041e+00,9.928933304166426277e-01
1.461516284941401400e+00,9.940348761284081291e-01
1.471526670454698538e+00,9.950768126059030827e-01
1.481537055967995897e+00,9.960190354398181789e-01
1.491547441481293035e+00,9.968614502128474442e-01
1.501557826994590394e+00,9.976039725091496724e-01
1.511568212507887754e+00,9.982465279228068811e-01
1.521578598021184892e+00,9.987890520652807913e-01
1.531588983534482251e+00,9.992314905718645557e-01
1.541599369047779389e+00,9.995737991071312889e-01
1.551609754561076748e+00,9.998159433693758480e-01
1.561620140074374108e+00,9.999578990940527490e-01
1.571630525587671245e+00,9.999996520562072222e-01
1.581640911100968605e+00,9.999411980719010717e-01
1.591651296614265743e+00,9.997825429986315626e-01
1.601661682127563102e+00,9.995237027347446679e-01
1.611672067640860462e+00,9.991647032178418986e-01
1.621682453154157599e+00,9.987055804221810495e-01
1.631692838667454959e+00,9.981463803550716385e-01
1.641703224180752096e+00,9.974871590522643716e-01
1.651713609694049456e+00,9.967279825723359687e-01
1.661723995207346816e+00,9.958689269900696805e-01
1.671734380720643953e+00,9.949100783888323862e-01
1.681744766233941313e+00,9.938515328519478276e-01
1.691755151747238450e+00,9.926933964530689769e-01
1.701765537260535810e+00,9.914357852455482067e-01
1.711775922773833170e+00,9.900788252508083698e-01
1.721786308287130307e+00,9.886226524457143450e-01
1.731796693800427667e+00,9.870674127489471594e-01
1.741807079313724804e+00,9.854132620063820180e-01
1.751817464827022164e+00,9.836603659754716844e-01
1.761827850340319301e+00,9.818089003086357680e-01
1.771838235853616661e+00,9.798590505356599145e-01
1.781848621366914021e+00,9.778110120451039000e-01
1.791859006880211158e+00,9.756649900647225149e-01
1.801869392393508518e+00,9.734211996409002365e-01
1.811879777906805655e+00,9.710798656171022447e-01
1.821890163420103015e+00,9.686412226113431112e-01
1.831900548933400374e+00,9.661055149926772723e-01
1.841910934446697512e+00,9.634729968567106173e-01
1.851921319959994872e+00,9.607439320001387451e-01
1.861931705473292009e+00,9.579185938943128864e-01
1.871942090986589369e+00,9.549972656578357144e-01
1.881952476499886728e+00,9.519802400281914823e-01
1.891962862013183866e+00,9.488678193324109333e-01
1.901973247526481225e+00,9.456603154567767566e-01
1.911983633039778363e+00,9.423580498155699203e-01
1.921994018553075723e+00,9.389613533188616579e-01
1.932004404066373082e+00,9.354705663393546589e-01
1.942014789579670220e+00,9.318860386782744643e-01
1.952025175092967579e+00,9.282081295303173940e-01
1.962035560606264717e+00,9.244372074476570056e-01
1.972045946119562077e+00,9.205736503030117479e-01
1.982056331632859436e+00,9.166178452517804720e-01
1.992066717146156574e+00,9.125701886932460205e-01
2.002077102659453711e+00,9.084310862308535572e-01
2.012087488172751293e+00,9.042009526315660795e-01
2.022097873686048430e+00,8.998802117843024417e-01
2.032108259199345568e+00,8.954692966574600010e-01
2.042118644712643150e+00,8.909686492555283222e-01
2.052129030225940287e+00,8.863787205747978293e-01
2.062139415739237425e+00,8.816999705581659574e-01
2.072149801252534562e+00,8.769328680490483530e-01
2.082160186765832144e+00,8.720778907443968997e-01
2.092170572279129281e+00,8.671355251468320091e-01
2.102180957792426419e+00,8.621062665158907290e-01
2.112191343305724001e+00,8.569906188183985529e-01
2.122201728819021138e+00,8.517890946779692607e-01
2.132212114332318276e+00,8.465022153236348990e-01
2.142222499845615857e+00,8.411305105376160052e-01
2.152232885358912995e+00,8.356745186022342953e-01
2.162243270872210132e+00,8.301347862459715898e-01
2.172253656385507270e+00,8.245118685886845267e-01
2.182264041898804852e+00,8.188063290859777243e-01
2.192274427412101989e+00,8.130187394727419470e-01
2.202284812925399127e+00,8.071496797058611561e-01
2.212295198438696708e+00,8.011997379060977753e-01
2.222305583951993846e+00,7.951695102991590547e-01
2.232315969465290983e+00,7.890596011559498635e-01
2.242326354978588121e+00,7.828706227320217925e-01
2.252336740491885703e+00,7.766031952062197874e-01
2.262347126005182840e+00,7.702579466185375257e-01
2.272357511518479978e+00,7.638355128071814271e-01
2.282367897031777559e+00,7.573365373448561755e-01
2.292378282545074697e+00,7.507616714742753050e-01
2.302388668058371834e+00,7.441115740428998482e-01
2.312399053571669416e+00,7.373869114369188127e-01
2.322409439084966554e+00,7.305883575144728193e-01
2.332419824598263691e+00,7.237165935381276727e-01
2.342430210111560829e+00,7.167723081066077473e-01
2.352440595624858410e+00,7.097561970857932945e-01
2.362450981138155548e+00,7.026689635389909983e-01
2.372461366651452686e+00,6.955113176564802213e-01
2.382471752164750267e+00,6.882839766843480422e-01
2.392482137678047405e+00,6.809876648526168585e-01
2.402492523191344542e+00,6.736231133026697737e-01
2.412502908704642124e+00,6.661910600139862026e-01
2.422513294217939261e+00,6.586922497301919144e-01
2.432523679731236399e+00,6.511274338844286191e-01
2.442534065244533537e+00,6.434973705240565334e-01
2.452544450757831118e+00,6.358028242346919212e-01
2.462554836271128256e+00,6.280445660635919358e-01
2.472565221784425393e+00,6.202233734423878708e-01
2.482575607297722975e+00,6.123400301091822540e-01
2.492585992811020112e+00,6.043953260300141128e-01
2.502596378324317250e+00,5.963900573196962984e-01
2.512606763837614832e+00,5.883250261620405208e-01
2.522617149350911969e+00,5.802010407294744265e-01
2.532627534864209107e+00,5.720189151020539375e-01
2.542637920377506244e+00,5.637794691858890594e-01
2.552648305890803826e+00,5.554835286309824927e-01
2.562658691404100963e+00,5.471319247484953685e-01
2.572669076917398101e+00,5.387254944274414425e-01
2.582679462430695683e+00,5.302650800508267315e-01
2.592689847943992820e+00,5.217515294112373692e-01
2.602700233457289958e+00,5.131856956258828983e-01
2.612710618970587095e+00,5.045684370511094308e-01
2.622721004483884677e+00,4.959006171963858955e-01
2.632731389997181815e+00,4.871831046377752550e-01
2.642741775510478952e+00,4.784167729308952954e-01
2.652752161023776534e+00,4.696025005233832594e-01
2.662762546537073671e+00,4.607411706668705920e-01
2.672772932050370809e+00,4.518336713284722972e-01
2.682783317563668390e+00,4.428808951018078366e-01
2.692793703076965528e+00,4.338837391175582314e-01
2.702804088590262666e+00,4.248431049535646986e-01
2.712814474103559803e+00,4.157598985444861950e-01
2.722824859616857385e+00,4.066350300910173132e-01
2.732835245130154522e+00,3.974694139686815730e-01
2.742845630643451660e+00,3.882639686362021614e-01
2.752856016156749241e+00,3.790196165434672748e-01
2.762866401670046379e+00,3.697372840390952264e-01
2.772876787183343517e+00,3.604179012776055346e-01
2.782887172696641098e+00,3.510624021262122030e-01
2.792897558209938236e+00,3.416717240712447978e-01
2.802907943723235373e+00,3.322468081242033744e-01
2.812918329236532511e+00,3.227885987274642932e-01
2.822928714749830093e+00,3.132980436596394802e-01
2.832939100263127230e+00,3.037760939406043414e-01
2.842949485776424368e+00,2.942237037361960517e-01
2.852959871289721949e+00,2.846418302626010921e-01
2.862970256803019087e+00,2.750314336904364776e-01
2.872980642316316224e+00,2.653934770485317229e-01
2.882991027829613806e+00,2.557289261274276471e-01
2.893001413342910944e+00,2.460387493825987315e-01
2.903011798856208081e+00,2.363239178374046956e-01
2.913022184369505219e+00,2.265854049857888020e-01
2.923032569882802800e+00,2.168241866947260843e-01
2.933042955396099938e+00,2.070412411064364300e-01
2.943053340909397075e+00,1.972375485403652651e-01
2.953063726422694657e+00,1.874140913949501053e-01
2.963074111935991795e+00,1.775718540491785513e-01
2.973084497449288932e+00,1.677118227639440573e-01
2.983094882962586070e+00,1.578349855832175408e-01
2.993105268475883651e+00,1.479423322350374992e-01
3.003115653989180789e+00,1.380348540323341200e-01
3.013126039502477926e+00,1.281135437735902438e-01
3.023136425015775508e+00,1.181793956433572768e-01
3.033146810529072646e+00,1.082334051126322555e-01
3.043157196042369783e+00,9.827656883910215746e-02
3.053167581555667365e+00,8.830988456727308089e-02
3.063177967068964502e+00,7.833435102849060916e-02
3.073188352582261640e+00,6.835096784085735455e-02
3.083198738095558777e+00,5.836073540906598633e-02
3.093209123608856359e+00,4.836465482415080314e-02
3.103219509122153497e+00,3.836372776317321931e-02
3.113229894635450634e+00,2.835895638884402756e-02
3.123240280148748216e+00,1.835134324910108264e-02
3.133250665662045353e+00,8.341891176648290329e-03
3.143261051175342491e+00,-1.668396811537870266e-03
3.153271436688640073e+00,-1.167851761471633623e-02
3.163281822201937210e+00,-2.168746814889781216e-02
3.173292207715234348e+00,-3.169424544736346161e-02
3.183302593228531485e+00,-4.169784676116738975e-02
3.193312978741829067e+00,-5.169726965961998766e-02
3.203323364255126204e+00,-6.169151213073669621e-02
3.213333749768423342e+00,-7.167957268164928952e-02
3.223344135281720924e+00,-8.166045043896108524e-02
3.233354520795018061e+00,-9.163314524904013492e-02
3.243364906308315199e+00,-1.015966577782442815e-01
3.253375291821612336e+00,-1.115499896130595359e-01
3.263385677334909918e+00,-1.214921433601490602e-01
3.273396062848207055e+00,-1.314221227462970543e-01
3.283406448361504193e+00,-1.413389327182450750e-01
3.293416833874801775e+00,-1.512415795424018328e-01
3.303427219388098912e+00,-1.611290709044210512e-01
3.313437604901396050e+00,-1.710004160086409375e-01
3.323447990414693631e+00,-1.808546256773673477e-01
3.333458375927990769e+00,-1.906907124499951645e-01
3.343468761441287906e+00,-2.005076906819612537e-01
3.353479146954585044e+00,-2.103045766435112374e-01
3.363489532467882626e+00,-2.200803886182769453e-01
3.373499917981179763e+00,-2.298341470016495025e-01
3.383510303494476901e+00,-2.395648743989451657e-01
3.393520689007774482e+00,-2.492715957233457291e-01
3.403531074521071620e+00,-2.589533382936078376e-01
3.413541460034368757e+00,-2.686091319315349613e-01
3.423551845547666339e+00,-2.782380090591948241e-01
3.433562231060963477e+00,-2.878390047958759301e-01
3.443572616574260614e+00,-2.974111570547782746e-01
3.453583002087557752e+00,-3.069535066394192269e-01
3.463593387600855333e+00,-3.164650973397524769e-01
3.473603773114152471e+00,-3.259449760279855002e-01
3.483614158627449608e+00,-3.353921927540920445e-01
3.493624544140747190e+00,-3.448058008410024300e-01
3.503634929654044328e+00,-3.541848569794661117e-01
3.513645315167341465e+00,-3.635284213225800642e-01
3.523655700680638603e+00,-3.728355575799667254e-01
3.533666086193936184e+00,-3.821053331115973339e-01
3.543676471707233322e+00,-3.913368190212474507e-01
3.553686857220530460e+00,-4.005290902495812766e-01
3.563697242733828041e+00,-4.096812256668479479e-01
3.573707628247125179e+00,-4.187923081651837576e-01
3.583718013760422316e+00,-4.278614247505153623e-01
3.593728399273719898e+00,-4.368876666340468229e-01
3.603738784787017035e+00,-4.458701293233254259e-01
3.613749170300314173e+00,-4.548079127128806798e-01
3.623759555813611311e+00,-4.637001211744193330e-01
3.633769941326908892e+00,-4.725458636465744156e-01
3.643780326840206030e+00,-4.813442537241945929e-01
3.653790712353503167e+00,-4.900944097471698901e-01
3.663801097866800749e+00,-4.987954548887795214e-01
3.673811483380097886e+00,-5.074465172435547178e-01
3.683821868893395024e+00,-5.160467299146520581e-01
3.693832254406692606e+00,-5.245952311007212598e-01
3.703842639919989743e+00,-5.330911641822629887e-01
3.713853025433286881e+00,-5.415336778074698598e-01
3.723863410946584018e+00,-5.499219259775366409e-01
3.733873796459881600e+00,-5.582550681314361052e-01
3.743884181973178737e+00,-5.665322692301471008e-01
3.753894567486475875e+00,-5.747526998403342802e-01
3.763904952999773457e+00,-5.829155362174612831e-01
3.773915338513070594e+00,-5.910199603883348196e-01
3.783925724026367732e+00,-5.990651602330738790e-01
3.793936109539665313e+00,-6.070503295664880783e-01
3.803946495052962451e+00,-6.149746682188624858e-01
3.813956880566259589e+00,-6.228373821161420354e-01
3.823967266079556726e+00,-6.306376833595022102e-01
3.833977651592854308e+00,-6.383747903043019978e-01
3.843988037106151445e+00,-6.460479276384099023e-01
3.853998422619448583e+00,-6.536563264598964640e-01
3.864008808132746164e+00,-6.611992243540835146e-01
3.874019193646043302e+00,-6.686758654699419546e-01
3.884029579159340440e+00,-6.760855005958353869e-01
3.894039964672637577e+00,-6.834273872345950629e-01
3.904050350185935159e+00,-6.907007896779240319e-01
3.914060735699232296e+00,-6.979049790801189479e-01
3.924071121212529434e+00,-7.050392335311070902e-01
3.934081506725827015e+00,-7.121028381287861642e-01
3.944091892239124153e+00,-7.190950850506616643e-01
3.954102277752421291e+00,-7.260152736247771355e-01
3.964112663265718872e+00,-7.328627103999255654e-01
3.974123048779016010e+00,-7.396367092151374667e-01
3.984133434292313147e+00,-7.463365912684400971e-01
3.994143819805610285e+00,-7.529616851848778269e-01
4.004154205318907422e+00,-7.595113270837883235e-01
4.014164590832205448e+00,-7.659848606453285580e-01
4.024174976345502586e+00,-7.723816371762407540e-01
4.034185361858799723e+00,-7.787010156748590539e-01
4.044195747372096861e+00,-7.849423628953402510e-01
4.054206132885393998e+00,-7.911050534111200294e-01
4.064216518398691136e+00,-7.971884696775848322e-01
4.074226903911988273e+00,-8.031920020939545823e-01
4.084237289425286299e+00,-8.091150490643689297e-01
4.094247674938583437e+00,-8.149570170581696971e-01
4.104258060451880574e+00,-8.207173206693797463e-01
4.114268445965177712e+00,-8.263953826753627219e-01
4.124278831478474849e+00,-8.319906340946652268e-01
4.134289216991771987e+00,-8.375025142440326587e-01
4.144299602505069124e+00,-8.429304707945939334e-01
4.154309988018367150e+00,-8.482739598272087678e-01
4.164320373531664288e+00,-8.535324458869704145e-01
4.174330759044961425e+00,-8.587054020368650731e-01
4.184341144558258563e+00,-8.637923099105723201e-01
4.194351530071555700e+00,-8.687926597644100024e-01
4.204361915584852838e+00,-8.737059505284134886e-01
4.214372301098149975e+00,-8.785316898565471710e-01
4.224382686611448001e+00,-8.832693941760404455e-01
4.234393072124745139e+00,-8.879185887358443940e-01
4.244403457638042276e+00,-8.924788076542069515e-01
4.254413843151339414e+00,-8.969495939653561178e-01
4.264424228664636551e+00,-9.013304996652914403e-01
4.274434614177933689e+00,-9.056210857566773242e-01
4.284444999691231715e+00,-9.098209222928338447e-01
4.294455385204528852e+00,-9.139295884208187282e-01
4.304465770717825990e+00,-9.179466724236025055e-01
4.314476156231123127e+00,-9.218717717613235108e-01
4.324486541744420265e+00,-9.257044931116256148e-01
4.334496927257717402e+00,-9.294444524090722526e-01
4.344507312771014540e+00,-9.330912748836316384e-01
4.354517698284312566e+00,-9.366445950982327240e-01
4.364528083797609703e+00,-9.401040569853823525e-01
4.374538469310906841e+00,-9.434693138828482706e-01
4.384548854824203978e+00,-9.467400285683951200e-01
4.394559240337501116e+00,-9.499158732935777394e-01
4.404569625850798253e+00,-9.529965298165828935e-01
4.414580011364095391e+00,-9.559816894341199855e-01
4.424590396877393417e+00,-9.588710530123553122e-01
4.434600782390690554e+00,-9.616643310168859760e-01
4.444611167903987692e+00,-9.643612435417555639e-01
4.454621553417284829e+00,-9.669615203375010459e-01
4.464631938930581967e+00,-9.694649008382341115e-01
4.474642324443879104e+00,-9.718711341877515064e-01
4.484652709957176242e+00,-9.741799792646731460e-01
4.494663095470474268e+00,-9.763912047066036770e-01
4.504673480983771405e+00,-9.785045889333159330e-01
4.514683866497068543e+00,-9.805199201689566157e-01
4.524694252010365680e+00,-9.824369964632660990e-01
4.534704637523662818e+00,-9.842556257118159069e-01
4.544715023036959956e+00,-9.859756256752590931e-01
4.554725408550257981e+00,-9.875968239975912999e-01
4.564735794063555119e+00,-9.891190582234224982e-01
4.574746179576852256e+00,-9.905421758142559652e-01
4.584756565090149394e+00,-9.918660341637740574e-01
4.594766950603446531e+00,-9.930905006121276690e-01
4.604777336116743669e+00,-9.942154524592303755e-01
4.614787721630040807e+00,-9.952407769770534873e-01
4.624798107143338832e+00,-9.961663714209221254e-01
4.634808492656635970e+00,-9.969921430398110962e-01
4.644818878169933107e+00,-9.977180090856392347e-01
4.654829263683230245e+00,-9.983438968215613274e-01
4.664839649196527382e+00,-9.988697435292566151e-01
4.674850034709824520e+00,-9.992954965152138769e-01
4.684860420223121658e+00,-9.996211131160116503e-01
4.694870805736419683e+00,-9.998465607025932567e-01
4.704881191249716821e+00,-9.999718166835366295e-01
4.714891576763013958e+00,-9.999968685073179486e-01
4.724901962276311096e+00,-9.999217136635697445e-01
4.734912347789608233e+00,-9.997463596833318089e-01
4.744922733302905371e+00,-9.994708241382974645e-01
4.754933118816203397e+00,-9.990951346390515297e-01
4.764943504329500534e+00,-9.986193288323049755e-01
4.774953889842797672e+00,-9.980434543971213879e-01
4.784964275356094809e+00,-9.973675690401393457e-01
4.794974660869391947e+00,-9.965917404897902676e-01
4.804985046382689085e+00,-9.957160464895111751e-01
4.814995431895986222e+00,-9.947405747899545903e-01
4.825005817409284248e+00,-9.936654231401945703e-01
4.835016202922581385e+00,-9.924906992779327641e-01
4.845026588435878523e+00,-9.912165209187010495e-01
4.855036973949175660e+00,-9.898430157440666344e-01
4.865047359462472798e+00,-9.883703213888368477e-01
4.875057744975769936e+00,-9.867985854272673940e-01
4.885068130489067073e+00,-9.851279653582744045e-01
4.895078516002365099e+00,-9.833586285896519508e-01
4.905088901515662236e+00,-9.814907524212966861e-01
4.915099287028959374e+00,-9.795245240274408349e-01
4.925109672542256511e+00,-9.774601404378965297e-01
4.935120058055553649e+00,-9.752978085183112711e-01
4.945130443568850787e+00,-9.730377449494395092e-01
4.955140829082147924e+00,-9.706801762054291238e-01
4.965151214595445950e+00,-9.682253385311270222e-01
4.975161600108743087e+00,-9.656734779184064088e-01
4.985171985622040225e+00,-9.630248500815160595e-01
4.995182371135337362e+00,-9.602797204314561519e-01
5.005192756648634500e+00,-9.574383640493822067e-01
5.015203142161931638e+00,-9.545010656590401377e-01
5.025213527675229663e+00,-9.514681195982346296e-01
5.035223913188526801e+00,-9.483398297893355089e-01
5.045234298701823938e+00,-9.451165097088209954e-01
5.055244684215121076e+00,-9.417984823558661622e-01
5.065255069728418214e+00,-9.383860802199760487e-01
5.075265455241715351e+00,-9.348796452476678676e-01
5.085275840755012489e+00,-9.312795288082051925e-01
5.095286226268310514e+00,-9.275860916583886784e-01
5.105296611781607652e+00,-9.237997039064064220e-01
5.115306997294904789e+00,-9.199207449747449639e-01
5.125317382808201927e+00,-9.159496035621693677e-01
5.135327768321499065e+00,-9.118866776047730438e-01
5.145338153834796202e+00,-9.077323742361016468e-01
5.155348539348093340e+00,-9.034871097463552658e-01
5.165358924861391365e+00,-8.991513095406727940e-01
5.175369310374688503e+00,-8.947254080965054701e-01
5.185379695887985640e+00,-8.902098489200760412e-01
5.195390081401282778e+00,-8.856050845019387552e-01
5.205400466914579916e+00,-8.809115762716357434e-01
5.215410852427877053e+00,-8.761297945514584518e-01
5.225421237941174191e+00,-8.712602185093184515e-01
5.235431623454472216e+00,-8.663033361107307373e-01
5.245442008967769354e+00,-8.612596440699183953e-01
5.255452394481066491e+00,-8.561296478000348653e-01
5.265462779994363629e+00,-8.509138613625207848e-01
5.275473165507660767e+00,-8.456128074155901952e-01
5.285483551020957904e+00,-8.402270171618569927e-01
5.295493936534255930e+00,-8.347570302951040633e-01
5.305504322047553067e+00,-8.292033949462042086e-01
5.315514707560850205e+00,-8.235666676281906406e-01
5.325525093074147343e+00,-8.178474131804924774e-01
5.335535478587444480e+00,-8.120462047123333527e-01
5.345545864100741618e+00,-8.061636235453019106e-01
5.355556249614038755e+00,-8.002002591550992916e-01
5.365566635127336781e+00,-7.941567091124691613e-01
5.375577020640633918e+00,-7.880335790233186088e-01
5.385587406153931056e+00,-7.818314824680299147e-01
5.395597791667228194e+00,-7.755510409399766214e-01
5.405608177180525331e+00,-7.691928837832456844e-01
5.415618562693822469e+00,-7.627576481295724742e-01
5.425628948207119606e+00,-7.562459788344961797e-01
5.435639333720417632e+00,-7.496585284127394999e-01
5.445649719233714769e+00,-7.429959569728251667e-01
5.455660104747011907e+00,-7.362589321509243057e-01
5.465670490260309045e+00,-7.294481290439576160e-01
5.475680875773606182e+00,-7.225642301419445968e-01
5.485691261286903320e+00,-7.156079252596142526e-01
5.495701646800200457e+00,-7.085799114672799437e-01
5.505712032313498483e+00,-7.014808930209878168e-01
5.515722417826795620e+00,-6.943115812919480323e-01
5.525732803340092758e+00,-6.870726946952466774e-01
5.535743188853389896e+00,-6.797649586178575731e-01
5.545753574366687033e+00,-6.723891053459535305e-01
5.555763959879984171e+00,-6.649458739915254935e-01
5.565774345393282196e+00,-6.574360104183183395e-01
5.575784730906579334e+00,-6.498602671670919984e-01
5.585795116419876472e+00,-6.422194033802085533e-01
5.595805501933173609e+00,-6.345141847255626466e-01
5.605815887446470747e+00,-6.267453833198561863e-01
5.615826272959767884e+00,-6.189137776512265710e-01
5.625836658473065022e+00,-6.110201525012368684e-01
5.635847043986363047e+00,-6.030652988662341674e-01
5.645857429499660185e+00,-5.950500138780898673e-01
5.655867815012957323e+00,-5.869751007243161345e-01
5.665878200526254460e+00,-5.788413685675846132e-01
5.675888586039551598e+00,-5.706496324646418428e-01
5.685898971552848735e+00,-5.624007132846342571e-01
5.695909357066145873e+00,-5.540954376268523163e-01
5.705919742579443898e+00,-5.457346377378979874e-01
5.715930128092741036e+00,-5.373191514282910086e-01
5.725940513606038174e+00,-5.288498219885101603e-01
5.735950899119335311e+00,-5.203274981044925251e-01
5.745961284632632449e+00,-5.117530337725884060e-01
5.755971670145929586e+00,-5.031272882139848912e-01
5.765982055659227612e+00,-4.944511257886055056e-01
5.775992441172524750e+00,-4.857254159084978262e-01
5.786002826685821887e+00,-4.769510329507081203e-01
5.796013212199119025e+00,-4.681288561696655970e-01
5.806023597712416162e+00,-4.592597696090742199e-01
5.816033983225713300e+00,-4.503446620133253475e-01
5.826044368739010437e+00,-4.413844267384393616e-01
5.836054754252308463e+00,-4.323799616625443876e-01
5.846065139765605601e+00,-4.233321690959056527e-01
5.856075525278902738e+00,-4.142419556905032052e-01
5.866085910792199876e+00,-4.051102323491819757e-01
5.876096296305497013e+00,-3.959379141343723485e-01
5.886106681818794151e+00,-3.867259201763943999e-01
5.896117067332091288e+00,-3.774751735813546283e-01
5.906127452845389314e+00,-3.681866013386435599e-01
5.916137838358686452e+00,-3.588611342280480510e-01
5.926148223871983589e+00,-3.494997067264759560e-01
5.936158609385280727e+00,-3.401032569143181417e-01
5.946168994898577864e+00,-3.306727263814454587e-01
5.956179380411875002e+00,-3.212090601328548289e-01
5.966189765925172139e+00,-3.117132064939734382e-01
5.976200151438470165e+00,-3.021861170156286414e-01
5.986210536951767303e+00,-2.926287463786996224e-01
5.996220922465064440e+00,-2.830420522984464782e-01
6.006231307978361578e+00,-2.734269954285438731e-01
6.016241693491658715e+00,-2.637845392648160980e-01
6.026252079004955853e+00,-2.541156500486878023e-01
6.036262464518253879e+00,-2.444212966703592782e-01
6.046272850031551016e+00,-2.347024505717202614e-01
6.056283235544848154e+00,-2.249600856489993861e-01
6.066293621058145291e+00,-2.151951781551765530e-01
6.076304006571442429e+00,-2.054087066021546559e-01
6.086314392084739566e+00,-1.956016516627058499e-01
6.096324777598036704e+00,-1.857749960722013538e-01
6.106335163111334730e+00,-1.759297245301335300e-01
6.116345548624631867e+00,-1.660668236014457011e-01
6.126355934137929005e+00,-1.561872816176662349e-01
6.136366319651226142e+00,-1.462920885778741520e-01
6.146376705164523280e+00,-1.363822360494936492e-01
6.156387090677820417e+00,-1.264587170689320250e-01
6.166397476191117555e+00,-1.165225260420703901e-01
6.176407861704415581e+00,-1.065746586446166128e-01
6.186418247217712718e+00,-9.661611172233498801e-02
6.196428632731009856e+00,-8.664788319115009074e-02
6.206439018244306993e+00,-7.667097193715224912e-02
6.216449403757604131e+00,-6.668637771650115509e-02
6.226459789270901268e+00,-5.669510105524346727e-02
6.236470174784198406e+00,-4.669814314905299663e-02
6.246480560297496432e+00,-3.669650576290309218e-02
6.256490945810793569e+00,-2.669119113068632240e-02
6.266501331324090707e+00,-1.668320185477832618e-02
6.276511716837387844e+00,-6.673540805573590848e-03
6.286522102350684982e+00,3.336788979010033018e-03
6.296532487863982119e+00,1.334678439404274504e-02
6.306542873377280145e+00,2.335544236810179614e-02
6.316553258890577283e+00,3.336175996378269032e-02
6.326563644403874420e+00,4.336473447820585886e-02
6.336574029917171558e+00,5.336336354349091593e-02
6.346584415430468695e+00,6.335664522720182990e-02
6.356594800943765833e+00,7.334357813274750004e-02
6.366605186457062970e+00,8.332316149972877894e-02
6.376615571970360996e+00,9.329439530422241333e-02
6.386625957483658134e+00,1.032562803589869987e-01
6.396636342996955271e+00,1.132078184135937582e-01
6.406646728510252409e+00,1.231480122544546529e-01
6.416657114023549546e+00,1.330758658047511145e-01
6.426667499536846684e+00,1.429903842242477852e-01
6.436677885050143821e+00,1.528905740089825660e-01
6.446688270563441847e+00,1.627754430908234240e-01
6.456698656076738985e+00,1.726440009368770678e-01
6.466709041590036122e+00,1.824952586487526285e-01
6.476719427103333260e+00,1.923282290616525059e-01
6.486729812616630397e+00,2.021419268432941008e-01
6.496740198129927535e+00,2.119353685926471109e-01
6.506750583643224672e+00,2.217075729384770377e-01
6.516760969156522698e+00,2.314575606376862993e-01
6.526771354669819836e+00,2.411843546734378507e-01
6.536781740183116973e+00,2.508869803530642817e-01
6.546792125696414111e+00,2.605644654057352461e-01
6.556802511209711248e+00,2.702158400798868598e-01
6.566812896723008386e+00,2.798401372403972465e-01
6.576823282236306412e+00,2.894363924655015130e-01
6.586833667749603549e+00,2.990036441434297809e-01
6.596844053262900687e+00,3.085409335687726018e-01
6.606854438776197824e+00,3.180473050385466682e-01
6.616864824289494962e+00,3.275218059479636512e-01
6.626875209802792099e+00,3.369634868858877863e-01
6.636885595316089237e+00,3.463714017299736603e-01
6.646895980829387263e+00,3.557446077414749830e-01
6.656906366342684400e+00,3.650821656597103004e-01
6.666916751855981538e+00,3.743831397961884799e-01
6.676927137369278675e+00,3.836465981283679882e-01
6.686937522882575813e+00,3.928716123930526827e-01
6.696947908395872950e+00,4.020572581794103484e-01
6.706958293909170088e+00,4.112026150216052112e-01
6.716968679422468114e+00,4.203067664910357659e-01
6.726979064935765251e+00,4.293688002881640986e-01
6.736989450449062389e+00,4.383878083339395881e-01
6.746999835962359526e+00,4.473628868607912867e-01
6.757010221475656664e+00,4.562931365031929754e-01
6.767020606988953801e+00,4.651776623877853512e-01
6.777030992502250939e+00,4.740155742230491298e-01
6.787041378015548965e+00,4.828059863885187375e-01
6.797051763528846102e+00,4.915480180235249907e-01
6.807062149042143240e+00,5.002407931154677634e-01
6.817072534555440377e+00,5.088834405875958256e-01
6.827082920068737515e+00,5.174750943862952424e-01
6.837093305582034652e+00,5.260148935678742310e-01
6.847103691095332678e+00,5.345019823848364826e-01
6.857114076608629816e+00,5.429355103716299036e-01
6.867124462121926953e+00,5.513146324298737744e-01
6.877134847635224091e+00,5.596385089130403445e-01
6.887145233148521228e+00,5.679063057105943058e-01
6.897155618661818366e+00,5.761171943315764876e-01
6.907166004175115503e+00,5.842703519876241147e-01
6.917176389688413529e+00,5.923649616754208536e-01
6.927186775201710667e+00,6.004002122585634371e-01
6.937197160715007804e+00,6.083752985488474208e-01
6.947207546228304942e+00,6.162894213869499760e-01
6.957217931741602079e+00,6.241417877225114985e-01
6.967228317254899217e+00,6.319316106936052613e-01
6.977238702768196354e+00,6.396581097055863419e-01
6.987249088281494380e+00,6.473205105093130518e-01
6.997259473794791518e+00,6.549180452787298767e-01
7.007269859308088655e+00,6.624499526878127043e-01
7.017280244821385793e+00,6.699154779868564669e-01
7.027290630334682930e+00,6.773138730781068650e-01
7.037301015847980068e+00,6.846443965907251794e-01
7.047311401361277206e+00,6.919063139550786223e-01
7.057321786874575231e+00,6.990988974763501229e-01
7.067332172387872369e+00,7.062214264074557768e-01
7.077342557901169506e+00,7.132731870212728476e-01
7.087352943414466644e+00,7.202534726821567812e-01
7.097363328927763781e+00,7.271615839167530071e-01
7.107373714441060919e+00,7.339968284840878709e-01
7.117384099954358945e+00,7.407585214449373678e-01
7.127394485467656082e+00,7.474459852304599083e-01
7.137404870980953220e+00,7.540585497100974477e-01
7.147415256494250357e+00,7.605955522587247719e-01
7.157425642007547495e+00,7.670563378230493834e-01
7.167436027520844632e+00,7.734402589872531042e-01
7.177446413034141770e+00,7.797466760378667372e-01
7.187456798547439796e+00,7.859749570278754538e-01
7.197467184060736933e+00,7.921244778400411413e-01
7.207477569574034071e+00,7.981946222494472609e-01
7.217487955087331208e+00,8.041847819852461221e-01
7.227498340600628346e+00,8.100943567916132348e-01
7.237508726113925484e+00,8.159227544878961957e-01
7.247519111627222621e+00,8.216693910279557755e-01
7.257529497140520647e+00,8.273336905586921031e-01
7.267539882653817784e+00,8.329150854777469526e-01
7.277550268167114922e+00,8.384130164903842442e-01
7.287560653680412059e+00,8.438269326655337688e-01
7.297571039193709197e+00,8.491562914909983606e-01
7.307581424707006335e+00,8.544005589278177437e-01
7.317591810220304360e+00,8.595592094637832803e-01
7.327602195733601498e+00,8.646317261660961817e-01
7.337612581246898635e+00,8.696176007331702928e-01
7.347622966760195773e+00,8.745163335455661269e-01
7.357633352273492910e+00,8.793274337160561505e-01
7.367643737786790048e+00,8.840504191388153243e-01
7.377654123300087186e+00,8.886848165377317921e-01
7.387664508813385211e+00,8.932301615138321660e-01
7.397674894326682349e+00,8.976859985918166362e-01
7.407685279839979486e+00,9.020518812657025709e-01
7.417695665353276624e+00,9.063273720435665037e-01
7.427706050866573761e+00,9.105120424913838439e-01
7.437716436379870899e+00,9.146054732759612005e-01
7.447726821893168037e+00,9.186072542069564362e-01
7.457737207406466062e+00,9.225169842779826768e-01
7.467747592919763200e+00,9.263342717067911680e-01
7.477757978433060337e+00,9.300587339745322035e-01
7.487768363946357475e+00,9.336899978640846864e-01
7.497778749459654613e+00,9.372276994974559905e-01
7.507789134972951750e+00,9.406714843722445707e-01
7.517799520486248888e+00,9.440210073971637694e-01
7.527809905999546913e+00,9.472759329266225992e-01
7.537820291512844051e+00,9.504359347943588388e-01
7.547830677026141188e+00,9.535006963461245544e-01
7.557841062539438326e+00,9.564699104714161626e-01
7.567851448052735464e+00,9.593432796342493685e-01
7.577861833566032601e+00,9.621205159029738718e-01
7.587872219079330627e+00,9.648013409791272865e-01
7.597882604592627764e+00,9.673854862253205011e-01
7.607892990105924902e+00,9.698726926921595881e-01
7.617903375619222039e+00,9.722627111441923820e-01
7.627913761132519177e+00,9.745553020848846115e-01
7.637924146645816315e+00,9.767502357806185920e-01
7.647934532159113452e+00,9.788472922837145873e-01
7.657944917672411478e+00,9.808462614544707359e-01
7.667955303185708615e+00,9.827469429822204283e-01
7.677965688699005753e+00,9.845491464054055841e-01
7.687976074212302890e+00,9.862526911306611632e-01
7.697986459725600028e+00,9.878574064509130226e-01
7.707996845238897166e+00,9.893631315624827893e-01
7.718007230752194303e+00,9.907697155812023038e-01
7.728017616265492329e+00,9.920770175575334138e-01
7.738028001778789466e+00,9.932849064906908998e-01
7.748038387292086604e+00,9.943932613417713062e-01
7.758048772805383742e+00,9.954019710458806847e-01
7.768059158318680879e+00,9.963109345232645797e-01
7.778069543831978017e+00,9.971200606894367047e-01
7.788079929345275154e+00,9.978292684643064181e-01
7.798090314858573180e+00,9.984384867803036689e-01
7.808100700371870317e+00,9.989476545894998560e-01
7.818111085885167455e+00,9.993567208697259341e-01
7.828121471398464593e+00,9.996656446296846577e-01
7.838131856911761730e+00,9.998743949130587394e-01
7.848142242425058868e+00,9.999829508016123691e-01
7.858152627938356893e+00,9.999913014172875370e-01
7.868163013451654031e+00,9.998994459232944942e-01
7.878173398964951168e+00,9.997073935241947984e-01
7.888183784478248306e+00,9.994151634649797167e-01
7.898194169991545444e+00,9.990227850291413247e-01
7.908204555504842581e+00,9.985302975357382982e-01
7.918214941018139719e+00,9.979377503354555090e-01
7.928225326531437744e+00,9.972452028056592033e-01
7.938235712044734882e+00,9.964527243444469828e-01
7.948246097558032019e+00,9.955603943636930353e-01
7.958256483071329157e+00,9.945683022810911655e-01
7.968266868584626295e+00,9.934765475111940747e-01
7.978277254097923432e+00,9.922852394554517730e-01
7.988287639611220570e+00,9.909944974912481275e-01
7.998298025124518595e+00,9.896044509599390970e-01
8.008308410637814845e+00,9.881152391538917668e-01
8.018318796151111982e+00,9.865270113025255139e-01
8.028329181664410896e+00,9.848399265573586359e-01
8.038339567177708034e+00,9.830541539760614400e-01
8.048349952691005171e+00,9.811698725055132408e-01
8.058360338204302309e+00,9.791872709638722583e-01
8.068370723717599446e+00,9.771065480216539756e-01
8.078381109230896584e+00,9.749279121818237304e-01
8.088391494744193722e+00,9.726515817589020951e-01
8.098401880257490859e+00,9.702777848570894870e-01
8.108412265770787997e+00,9.678067593474076746e-01
8.118422651284085134e+00,9.652387528438636233e-01
8.128433036797382272e+00,9.625740226786373421e-01
8.138443422310679409e+00,9.598128358762945123e-01
8.148453807823976547e+00,9.569554691270295566e-01
8.158464193337273684e+00,9.540022087589389299e-01
8.168474578850572598e+00,9.509533507093287374e-01
8.178484964363869736e+00,9.478092004950616767e-01
8.188495349877166873e+00,9.445700731819389739e-01
8.198505735390464011e+00,9.412362933531307485e-01
8.208516120903761148e+00,9.378081950766502528e-01
8.218526506417058286e+00,9.342861218718772065e-01
8.228536891930355424e+00,9.306704266751357757e-01
8.238547277443652561e+00,9.269614718043267532e-01
8.248557662956949699e+00,9.231596289226218222e-01
8.258568048470246836e+00,9.192652790012194597e-01
8.268578433983543974e+00,9.152788122811696958e-01
8.278588819496841111e+00,9.112006282342685060e-01
8.288599205010138249e+00,9.070311355230287198e-01
8.298609590523437163e+00,9.027707519597277797e-01
8.308619976036734300e+00,8.984199044645433396e-01
8.318630361550031438e+00,8.939790290227683789e-01
8.328640747063328575e+00,8.894485706411252579e-01
8.338651132576625713e+00,8.848289833031726115e-01
8.348661518089922851e+00,8.801207299238124060e-01
8.358671903603219988e+00,8.753242823029032671e-01
8.368682289116517126e+00,8.704401210779821874e-01
8.378692674629814263e+00,8.654687356761019412e-01
8.388703060143111401e+00,8.604106242647866498e-01
8.398713445656408538e+00,8.552662937021120459e-01
8.408723831169705676e+00,8.500362594859147691e-01
8.418734216683002813e+00,8.447210457021359087e-01
8.428744602196299951e+00,8.393211849723037909e-01
8.438754987709598865e+00,8.338372184001607845e-01
8.448765373222896002e+00,8.282696955174446707e-01
8.458775758736193140e+00,8.226191742288161413e-01
8.468786144249490278e+00,8.168862207559564048e-01
8.478796529762787415e+00,8.110714095808269075e-01
8.488806915276084553e+00,8.051753233881027150e-01
8.498817300789381690e+00,7.991985530067827748e-01
8.508827686302678828e+00,7.931416973509850532e-01
8.518838071815975965e+00,7.870053633599312093e-01
8.528848457329273103e+00,7.807901659371268011e-01
8.538858842842570240e+00,7.744967278887440187e-01
8.548869228355867378e+00,7.681256798612118297e-01
8.558879613869164515e+00,7.616776602780209737e-01
8.568889999382463429e+00,7.551533152757481382e-01
8.578900384895760567e+00,7.485532986393136357e-01
8.588910770409057704e+00,7.418782717364601487e-01
8.598921155922354842e+00,7.351289034514836285e-01
8.608931541435651980e+00,7.283058701182061334e-01
8.618941926948949117e+00,7.214098554522012652e-01
8.628952312462246255e+00,7.144415504822818619e-01
8.638962697975543392e+00,7.074016534812540558e-01
8.648973083488840530e+00,7.002908698959452449e-01
8.658983469002137667e+00,6.931099122765130849e-01
8.668993854515434805e+00,6.858595002050439371e-01
8.679004240028731942e+00,6.785403602234447717e-01
8.689014625542029080e+00,6.711532257606389607e-01
8.699025011055326218e+00,6.636988370590718445e-01
8.709035396568625131e+00,6.561779411005312923e-01
8.719045782081922269e+00,6.485912915313011284e-01
8.729056167595219407e+00,6.409396485866315496e-01
8.739066553108516544e+00,6.332237790145642808e-01
8.749076938621813682e+00,6.254444559990973707e-01
8.759087324135110819e+00,6.176024590827071670e-01
8.769097709648407957e+00,6.096985740882320259e-01
8.779108095161705094e+00,6.017335930401281896e-01
8.789118480675002232e+00,5.937083140851026064e-01
8.799128866188299369e+00,5.856235414121337968e-01
8.809139251701596507e+00,5.774800851718860928e-01
8.819149637214893644e+00,5.692787613955268000e-01
8.829160022728190782e+00,5.610203919129543859e-01
8.839170408241489696e+00,5.527058042704440233e-01
8.849180793754786833e+00,5.443358316477272529e-01
8.859191179268083971e+00,5.359113127744928873e-01
8.869201564781381109e+00,5.274330918463464579e-01
8.879211950294678246e+00,5.189020184402139968e-01
8.889222335807975384e+00,5.103189474292091354e-01
8.899232721321272521e+00,5.016847388969685184e-01
8.909243106834569659e+00,4.930002580514650790e-01
8.919253492347866796e+00,4.842663751383088355e-01
8.929263877861163934e+00,4.754839653535417598e-01
8.939274263374461071e+00,4.666539087559372634e-01
8.949284648887758209e+00,4.577770901788118518e-01
8.959295034401055347e+00,4.488543991413588841e-01
8.969305419914352484e+00,4.398867297595126513e-01
8.979315805427651398e+00,4.308749806563497153e-01
8.989326190940948536e+00,4.218200548720474896e-01
8.999336576454245673e+00,4.127228597733833548e-01
9.009346961967542811e+00,4.035843069628166080e-01
9.019357347480839948e+00,3.944053121871381462e-01
9.029367732994137086e+00,3.851867952457060928e-01
9.039378118507434223e+00,3.759296798982754151e-01
9.049388504020731361e+00,3.666348937724308588e-01
9.059398889534028498e+00,3.573033682706322489e-01
9.069409275047325636e+00,3.479360384768812042e-01
9.079419660560622773e+00,3.385338430630194795e-01
9.089430046073919911e+00,3.290977241946674292e-01
9.099440431587217049e+00,3.196286274368121960e-01
9.109450817100515962e+00,3.101275016590541167e-01
9.119461202613813100e+00,3.005952989405299425e-01
9.129471588127110238e+00,2.910329744744978298e-01
9.139481973640407375e+00,2.814414864726270671e-01
9.149492359153704513e+00,2.718217960689766066e-01
9.159502744667001650e+00,2.621748672236832167e-01
9.169513130180298788e+00,2.525016666263654730e-01
9.179523515693595925e+00,2.428031635992551063e-01
9.189533901206893063e+00,2.330803300000637845e-01
9.199544286720190200e+00,2.233341401245964308e-01
9.209554672233487338e+00,2.135655706091199035e-01
9.219565057746784476e+00,2.037756003324972809e-01
9.229575443260081613e+00,1.939652103180972142e-01
9.239585828773380527e+00,1.841353836354869544e-01
9.249596214286677665e+00,1.742871053019288130e-01
9.259606599799974802e+00,1.644213621836641548e-01
9.269616985313271940e+00,1.545391428970293857e-01
9.279627370826569077e+00,1.446414377093880321e-01
9.289637756339866215e+00,1.347292384398990073e-01
9.299648141853163352e+00,1.248035383601294318e-01
9.309658527366460490e+00,1.148653320945218492e-01
9.319668912879757627e+00,1.049156155207259522e-01
9.329679298393054765e+00,9.495538566980464557e-02
9.339689683906351902e+00,8.498564062632461835e-02
9.349700069419649040e+00,7.500737942834129202e-02
9.359710454932946178e+00,6.502160196728819230e-02
9.369720840446243315e+00,5.502930888778091029e-02
9.379731225959542229e+00,4.503150148734368780e-02
9.389741611472839367e+00,3.502918161607956882e-02
9.399751996986136504e+00,2.502335157626734211e-02
9.409762382499433642e+00,1.501501402193097627e-02
9.419772768012730779e+00,5.005171858364887080e-03
9.429783153526027917e+00,-5.005171858364151558e-03
9.439793539039325054e+00,-1.501501402193024075e-02
9.449803924552622192e+00,-2.502335157626661005e-02
9.459814310065919329e+00,-3.502918161607883329e-02
9.469824695579216467e+00,-4.503150148734295227e-02
9.479835081092513605e+00,-5.502930888777840535e-02
9.489845466605810742e+00,-6.502160196728569430e-02
9.499855852119107880e+00,-7.500737942833879401e-02
9.509866237632406794e+00,-8.498564062632389671e-02
9.519876623145703931e+00,-9.495538566980391004e-02
9.529887008659001069e+00,-1.049156155207252167e-01
9.539897394172298206e+00,-1.148653320945211137e-01
9.549907779685595344e+00,-1.248035383601286963e-01
9.559918165198892481e+00,-1.347292384398982856e-01
9.569928550712189619e+00,-1.446414377093872827e-01
9.579938936225486756e+00,-1.545391428970286363e-01
9.589949321738783894e+00,-1.644213621836634331e-01
9.599959707252081031e+00,-1.742871053019280914e-01
9.609970092765378169e+00,-1.841353836354862328e-01
9.619980478278675307e+00,-1.939652103180947440e-01
9.629990863791972444e+00,-2.037756003324948106e-01
9.640001249305269582e+00,-2.135655706091174610e-01
9.650011634818568496e+00,-2.233341401245957092e-01
9.660022020331865633e+00,-2.330803300000630629e-01
9.670032405845162771e+00,-2.428031635992543846e-01
9.680042791358459908e+00,-2.525016666263648069e-01
9.690053176871757046e+00,-2.621748672236824951e-01
9.700063562385054183e+00,-2.718217960689758850e-01
9.710073947898351321e+00,-2.814414864726263454e-01
9.720084333411648458e+00,-2.910329744744971636e-01
9.730094718924945596e+00,-3.005952989405292208e-01
9.740105104438242734e+00,-3.101275016590533951e-01
9.750115489951539871e+00,-3.196286274368098090e-01
9.760125875464837009e+00,-3.290977241946650422e-01
9.770136260978134146e+00,-3.385338430630171480e-01
9.780146646491433060e+00,-3.479360384768805381e-01
9.790157032004730198e+00,-3.573033682706315273e-01
9.800167417518027335e+00,-3.666348937724301926e-01
9.810177803031324473e+00,-3.759296798982747490e-01
9.820188188544621610e+00,-3.851867952457054267e-01
9.830198574057918748e+00,-3.944053121871374801e-01
9.840208959571215885e+00,-4.035843069628159419e-01
9.850219345084513023e+00,-4.127228597733826887e-01
9.860229730597810160e+00,-4.218200548720468235e-01
9.870240116111107298e+00,-4.308749806563491047e-01
9.880250501624404436e+00,-4.398867297595103754e-01
9.890260887137701573e+00,-4.488543991413566636e-01
9.900271272650998711e+00,-4.577770901788096314e-01
9.910281658164295848e+00,-4.666539087559350429e-01
9.920292043677594762e+00,-4.754839653535411492e-01
9.930302429190891900e+00,-4.842663751383081694e-01
9.940312814704189037e+00,-4.930002580514644128e-01
9.950323200217486175e+00,-5.016847388969678523e-01
9.960333585730783312e+00,-5.103189474292085803e-01
9.970343971244080450e+00,-5.189020184402133307e-01
9.980354356757377587e+00,-5.274330918463457918e-01
9.990364742270674725e+00,-5.359113127744923322e-01
1.000037512778397186e+01,-5.443358316477266978e-01
1.001038551329726900e+01,-5.527058042704434682e-01
1.002039589881056614e+01,-5.610203919129522765e-01
1.003040628432386328e+01,-5.692787613955246906e-01
1.004041666983716041e+01,-5.774800851718839834e-01
1.005042705535045933e+01,-5.856235414121332417e-01
1.006043744086375646e+01,-5.937083140851020513e-01
1.007044782637705360e+01,-6.017335930401275235e-01
1.008045821189035074e+01,-6.096985740882314708e-01
1.009046859740364788e+01,-6.176024590827065008e-01
1.010047898291694501e+01,-6.254444559990968155e-01
1.011048936843024215e+01,-6.332237790145636147e-01
1.012049975394353929e+01,-6.409396485866309945e-01
1.013051013945683643e+01,-6.485912915313005733e-01
1.014052052497013356e+01,-6.561779411005307372e-01
1.015053091048343070e+01,-6.636988370590699571e-01
1.016054129599672784e+01,-6.711532257606370733e-01
1.017055168151002498e+01,-6.785403602234428844e-01
1.018056206702332211e+01,-6.858595002050420497e-01
1.019057245253662103e+01,-6.931099122765125298e-01
1.020058283804991817e+01,-7.002908698959446898e-01
1.021059322356321530e+01,-7.074016534812536117e-01
1.022060360907651244e+01,-7.144415504822814178e-01
1.023061399458980958e+01,-7.214098554522007101e-01
1.024062438010310672e+01,-7.283058701182055783e-01
1.025063476561640385e+01,-7.351289034514831844e-01
1.026064515112970099e+01,-7.418782717364595936e-01
1.027065553664299813e+01,-7.485532986393131916e-01
1.028066592215629527e+01,-7.551533152757476941e-01
1.029067630766959240e+01,-7.616776602780193084e-01
1.030068669318288954e+01,-7.681256798612101644e-01
1.031069707869618668e+01,-7.744967278887424644e-01
1.032070746420948559e+01,-7.807901659371263570e-01
1.033071784972278273e+01,-7.870053633599307652e-01
1.034072823523607987e+01,-7.931416973509846091e-01
1.035073862074937701e+01,-7.991985530067823307e-01
1.036074900626267414e+01,-8.051753233881022709e-01
1.037075939177597128e+01,-8.110714095808264634e-01
1.038076977728926842e+01,-8.168862207559559607e-01
1.039078016280256556e+01,-8.226191742288156972e-01
1.040079054831586269e+01,-8.282696955174443376e-01
1.041080093382915983e+01,-8.338372184001603404e-01
1.042081131934245697e+01,-8.393211849723024587e-01
1.043082170485575411e+01,-8.447210457021345764e-01
1.044083209036905124e+01,-8.500362594859134369e-01
1.045084247588234838e+01,-8.552662937021107137e-01
1.046085286139564730e+01,-8.604106242647863168e-01
1.047086324690894443e+01,-8.654687356761014971e-01
1.048087363242224157e+01,-8.704401210779817433e-01
1.049088401793553871e+01,-8.753242823029028230e-01
1.050089440344883585e+01,-8.801207299238120729e-01
1.051090478896213298e+01,-8.848289833031722784e-01
1.052091517447543012e+01,-8.894485706411249248e-01
1.053092555998872726e+01,-8.939790290227679348e-01
1.054093594550202440e+01,-8.984199044645430066e-01
1.055094633101532153e+01,-9.027707519597274466e-01
1.056095671652861867e+01,-9.070311355230277206e-01
1.057096710204191581e+01,-9.112006282342675068e-01
1.058097748755521295e+01,-9.152788122811685856e-01
1.059098787306851186e+01,-9.192652790012191266e-01
1.060099825858180900e+01,-9.231596289226214891e-01
1.061100864409510613e+01,-9.269614718043265311e-01
1.062101902960840327e+01,-9.306704266751354426e-01
1.063102941512170041e+01,-9.342861218718769845e-01
1.064103980063499755e+01,-9.378081950766499197e-01
1.065105018614829469e+01,-9.412362933531305265e-01
1.066106057166159182e+01,-9.445700731819386409e-01
1.067107095717488896e+01,-9.478092004950614546e-01
1.068108134268818610e+01,-9.509533507093285154e-01
1.069109172820148324e+01,-9.540022087589382638e-01
1.070110211371478037e+01,-9.569554691270287794e-01
1.071111249922807751e+01,-9.598128358762937351e-01
1.072112288474137465e+01,-9.625740226786366760e-01
1.073113327025467356e+01,-9.652387528438635123e-01
1.074114365576797070e+01,-9.678067593474074526e-01
1.075115404128126784e+01,-9.702777848570892649e-01
1.076116442679456497e+01,-9.726515817589019841e-01
1.077117481230786211e+01,-9.749279121818235083e-01
1.078118519782115925e+01,-9.771065480216538646e-01
1.079119558333445639e+01,-9.791872709638720362e-01
1.080120596884775352e+01,-9.811698725055131298e-01
1.081121635436105066e+01,-9.830541539760613290e-01
1.082122673987434780e+01,-9.848399265573585248e-01
1.083123712538764494e+01,-9.865270113025250698e-01
1.084124751090094207e+01,-9.881152391538914337e-01
1.085125789641423921e+01,-9.896044509599388750e-01
1.086126828192753813e+01,-9.909944974912480165e-01
1.087127866744083526e+01,-9.922852394554516620e-01
1.088128905295413240e+01,-9.934765475111940747e-01
1.089129943846742954e+01,-9.945683022810910545e-01
1.090130982398072668e+01,-9.955603943636930353e-01
1.091132020949402381e+01,-9.964527243444468718e-01
1.092133059500732095e+01,-9.972452028056592033e-01
1.093134098052061809e+01,-9.979377503354553980e-01
1.094135136603391523e+01,-9.985302975357381872e-01
1.095136175154721236e+01,-9.990227850291413247e-01
1.096137213706050950e+01,-9.994151634649797167e-01
1.097138252257380664e+01,-9.997073935241947984e-01
1.098139290808710378e+01,-9.998994459232944942e-01
1.099140329360040091e+01,-9.999913014172875370e-01
1.100141367911369983e+01,-9.999829508016123691e-01
1.101142406462699697e+01,-9.998743949130587394e-01
1.102143445014029410e+01,-9.996656446296846577e-01
1.103144483565359124e+01,-9.993567208697259341e-01
1.104145522116688838e+01,-9.989476545894999671e-01
1.105146560668018552e+01,-9.984384867803037800e-01
1.106147599219348265e+01,-9.978292684643065291e-01
1.107148637770677979e+01,-9.971200606894368157e-01
1.108149676322007693e+01,-9.963109345232646907e-01
1.109150714873337407e+01,-9.954019710458807957e-01
1.110151753424667120e+01,-9.943932613417715283e-01
1.111152791975996834e+01,-9.932849064906911218e-01
1.112153830527326548e+01,-9.920770175575336358e-01
1.113154869078656439e+01,-9.907697155812024148e-01
1.114155907629986153e+01,-9.893631315624829003e-01
1.115156946181315867e+01,-9.878574064509131336e-01
1.116157984732645581e+01,-9.862526911306613853e-01
1.117159023283975294e+01,-9.845491464054056951e-01
1.118160061835305008e+01,-9.827469429822206504e-01
1.119161100386634722e+01,-9.808462614544708469e-01
1.120162138937964436e+01,-9.788472922837149204e-01
1.121163177489294149e+01,-9.767502357806189250e-01
1.122164216040623863e+01,-9.745553020848849446e-01
1.123165254591953577e+01,-9.722627111441928260e-01
1.124166293143283291e+01,-9.698726926921600322e-01
1.125167331694613004e+01,-9.673854862253209452e-01
1.126168370245942718e+01,-9.648013409791277306e-01
1.127169408797272609e+01,-9.621205159029740939e-01
1.128170447348602323e+01,-9.593432796342494795e-01
1.129171485899932037e+01,-9.564699104714163846e-01
1.130172524451261751e+01,-9.535006963461247764e-01
1.131173563002591465e+01,-9.504359347943590608e-01
1.132174601553921178e+01,-9.472759329266228212e-01
1.133175640105250892e+01,-9.440210073971643245e-01
1.134176678656580606e+01,-9.406714843722451258e-01
1.135177717207910320e+01,-9.372276994974565456e-01
1.136178755759240033e+01,-9.336899978640853526e-01
1.137179794310569747e+01,-9.300587339745327586e-01
1.138180832861899461e+01,-9.263342717067918342e-01
1.139181871413229175e+01,-9.225169842779833429e-01
1.140182909964559066e+01,-9.186072542069566582e-01
1.141183948515888780e+01,-9.146054732759615336e-01
1.142184987067218493e+01,-9.105120424913841770e-01
1.143186025618548207e+01,-9.063273720435668368e-01
1.144187064169877921e+01,-9.020518812657029040e-01
1.145188102721207635e+01,-8.976859985918169693e-01
1.146189141272537348e+01,-8.932301615138324991e-01
1.147190179823867062e+01,-8.886848165377325692e-01
1.148191218375196776e+01,-8.840504191388161015e-01
1.149192256926526490e+01,-8.793274337160569276e-01
1.150193295477856203e+01,-8.745163335455669040e-01
1.151194334029185917e+01,-8.696176007331710700e-01
1.152195372580515631e+01,-8.646317261660969589e-01
1.153196411131845522e+01,-8.595592094637832803e-01
1.154197449683175236e+01,-8.544005589278180768e-01
1.155198488234504950e+01,-8.491562914909986937e-01
1.156199526785834664e+01,-8.438269326655341018e-01
1.157200565337164377e+01,-8.384130164903846882e-01
1.158201603888494091e+01,-8.329150854777472857e-01
1.159202642439823805e+01,-8.273336905586925472e-01
1.160203680991153519e+01,-8.216693910279566637e-01
1.161204719542483232e+01,-8.159227544878970839e-01
1.162205758093812946e+01,-8.100943567916142340e-01
1.163206796645142660e+01,-8.041847819852471213e-01
1.164207835196472374e+01,-7.981946222494481491e-01
1.165208873747802087e+01,-7.921244778400421405e-01
1.166209912299131801e+01,-7.859749570278764530e-01
1.167210950850461693e+01,-7.797466760378671813e-01
1.168211989401791406e+01,-7.734402589872535483e-01
1.169213027953121120e+01,-7.670563378230499385e-01
1.170214066504450834e+01,-7.605955522587252160e-01
1.171215105055780548e+01,-7.540585497100980028e-01
1.172216143607110261e+01,-7.474459852304603524e-01
1.173217182158439975e+01,-7.407585214449378119e-01
1.174218220709769689e+01,-7.339968284840889812e-01
1.175219259261099403e+01,-7.271615839167541173e-01
1.176220297812429116e+01,-7.202534726821578914e-01
1.177221336363758830e+01,-7.132731870212738468e-01
1.178222374915088544e+01,-7.062214264074569980e-01
1.179223413466418258e+01,-6.990988974763512331e-01
1.180224452017748149e+01,-6.919063139550791774e-01
1.181225490569077863e+01,-6.846443965907257345e-01
1.182226529120407577e+01,-6.773138730781074202e-01
1.183227567671737290e+01,-6.699154779868570220e-01
1.184228606223067004e+01,-6.624499526878132594e-01
1.185229644774396718e+01,-6.549180452787304318e-01
1.186230683325726432e+01,-6.473205105093136069e-01
1.187231721877056145e+01,-6.396581097055875631e-01
1.188232760428385859e+01,-6.319316106936065935e-01
1.189233798979715573e+01,-6.241417877225128308e-01
1.190234837531045287e+01,-6.162894213869513083e-01
1.191235876082375000e+01,-6.083752985488487530e-01
1.192236914633704714e+01,-6.004002122585647694e-01
1.193237953185034428e+01,-5.923649616754221858e-01
1.194238991736364319e+01,-5.842703519876246698e-01
1.195240030287694033e+01,-5.761171943315771538e-01
1.196241068839023747e+01,-5.679063057105949719e-01
1.197242107390353461e+01,-5.596385089130408996e-01
1.198243145941683174e+01,-5.513146324298743295e-01
1.199244184493012888e+01,-5.429355103716305697e-01
1.200245223044342602e+01,-5.345019823848371487e-01
1.201246261595672316e+01,-5.260148935678756743e-01
1.202247300147002029e+01,-5.174750943862965746e-01
1.203248338698331743e+01,-5.088834405875971578e-01
1.204249377249661457e+01,-5.002407931154692067e-01
1.205250415800991171e+01,-4.915480180235263785e-01
1.206251454352320884e+01,-4.828059863885201808e-01
1.207252492903650776e+01,-4.740155742230497404e-01
1.208253531454980489e+01,-4.651776623877860173e-01
1.209254570006310203e+01,-4.562931365031935860e-01
1.210255608557639917e+01,-4.473628868607919529e-01
1.211256647108969631e+01,-4.383878083339402543e-01
1.212257685660299344e+01,-4.293688002881647647e-01
1.213258724211629058e+01,-4.203067664910364321e-01
1.214259762762958772e+01,-4.112026150216066545e-01
1.215260801314288486e+01,-4.020572581794117917e-01
1.216261839865618199e+01,-3.928716123930541815e-01
1.217262878416947913e+01,-3.836465981283694870e-01
1.218263916968277627e+01,-3.743831397961900342e-01
1.219264955519607341e+01,-3.650821656597117992e-01
1.220265994070937055e+01,-3.557446077414764818e-01
1.221267032622266946e+01,-3.463714017299743264e-01
1.222268071173596660e+01,-3.369634868858885079e-01
1.223269109724926373e+01,-3.275218059479643729e-01
1.224270148276256087e+01,-3.180473050385473899e-01
1.225271186827585801e+01,-3.085409335687733234e-01
1.226272225378915515e+01,-2.990036441434304471e-01
1.227273263930245228e+01,-2.894363924655022346e-01
1.228274302481574942e+01,-2.798401372403988008e-01
1.229275341032904656e+01,-2.702158400798884141e-01
1.230276379584234370e+01,-2.605644654057368559e-01
1.231277418135564083e+01,-2.508869803530658360e-01
1.232278456686893797e+01,-2.411843546734394328e-01
1.233279495238223511e+01,-2.314575606376878536e-01
1.234280533789553402e+01,-2.217075729384777316e-01
1.235281572340883116e+01,-2.119353685926478326e-01
1.236282610892212830e+01,-2.021419268432948224e-01
1.237283649443542544e+01,-1.923282290616531998e-01
1.238284687994872257e+01,-1.824952586487533501e-01
1.239285726546201971e+01,-1.726440009368777895e-01
1.240286765097531685e+01,-1.627754430908241456e-01
1.241287803648861399e+01,-1.528905740089841758e-01
1.242288842200191112e+01,-1.429903842242493950e-01
1.243289880751520826e+01,-1.330758658047527243e-01
1.244290919302850540e+01,-1.231480122544562628e-01
1.245291957854180254e+01,-1.132078184135953680e-01
1.246292996405509967e+01,-1.032562803589886086e-01
1.247294034956839681e+01,-9.329439530422402316e-02
1.248295073508169573e+01,-8.332316149972950059e-02
1.249296112059499286e+01,-7.334357813274823557e-02
1.250297150610829000e+01,-6.335664522720255154e-02
1.251298189162158714e+01,-5.336336354349165145e-02
1.252299227713488428e+01,-4.336473447820659438e-02
1.253300266264818141e+01,-3.336175996378342584e-02
1.254301304816147855e+01,-2.335544236810252819e-02
1.255302343367477569e+01,-1.334678439404436874e-02
1.256303381918807283e+01,-3.336788979011655852e-03
1.257304420470136996e+01,6.673540805571968014e-03
1.258305459021466710e+01,1.668320185477670248e-02
1.259306497572796424e+01,2.669119113068470217e-02
1.260307536124126138e+01,3.669650576290146848e-02
1.261308574675456029e+01,4.669814314905226110e-02
1.262309613226785743e+01,5.669510105524273175e-02
1.263310651778115457e+01,6.668637771650041957e-02
1.264311690329445170e+01,7.667097193715151360e-02
1.265312728880774884e+01,8.664788319114936910e-02
1.266313767432104598e+01,9.661611172233425249e-02
1.267314805983434312e+01,1.065746586446158911e-01
1.268315844534764025e+01,1.165225260420687803e-01
1.269316883086093739e+01,1.264587170689304152e-01
1.270317921637423453e+01,1.363822360494920394e-01
1.271318960188753167e+01,1.462920885778725422e-01
1.272319998740082880e+01,1.561872816176646250e-01
1.273321037291412594e+01,1.660668236014441190e-01
1.274322075842742308e+01,1.759297245301319201e-01
1.275323114394072199e+01,1.857749960722006322e-01
1.276324152945401913e+01,1.956016516627051283e-01
1.277325191496731627e+01,2.054087066021539343e-01
1.278326230048061340e+01,2.151951781551758314e-01
1.279327268599391054e+01,2.249600856489986644e-01
1.280328307150720768e+01,2.347024505717195397e-01
1.281329345702050482e+01,2.444212966703585843e-01
1.282330384253380196e+01,2.541156500486861924e-01
1.283331422804709909e+01,2.637845392648144882e-01
1.284332461356039623e+01,2.734269954285423188e-01
1.285333499907369337e+01,2.830420522984449239e-01
1.286334538458699051e+01,2.926287463786980680e-01
1.287335577010028764e+01,3.021861170156270870e-01
1.288336615561358656e+01,3.117132064939727720e-01
1.289337654112688369e+01,3.212090601328541628e-01
1.290338692664018083e+01,3.306727263814447371e-01
1.291339731215347797e+01,3.401032569143174755e-01
1.292340769766677511e+01,3.494997067264752899e-01
1.293341808318007224e+01,3.588611342280473848e-01
1.294342846869336938e+01,3.681866013386428382e-01
1.295343885420666652e+01,3.774751735813531295e-01
1.296344923971996366e+01,3.867259201763929011e-01
1.297345962523326079e+01,3.959379141343708497e-01
1.298347001074655793e+01,4.051102323491805324e-01
1.299348039625985507e+01,4.142419556905017064e-01
1.300349078177315221e+01,4.233321690959042094e-01
1.301350116728644934e+01,4.323799616625428888e-01
1.302351155279974826e+01,4.413844267384386955e-01
1.303352193831304540e+01,4.503446620133246814e-01
1.304353232382634253e+01,4.592597696090735537e-01
1.305354270933963967e+01,4.681288561696649309e-01
1.306355309485293681e+01,4.769510329507074542e-01
1.307356348036623395e+01,4.857254159084971601e-01
1.308357386587953108e+01,4.944511257886048949e-01
1.309358425139282822e+01,5.031272882139835589e-01
1.310359463690612536e+01,5.117530337725869627e-01
1.311360502241942250e+01,5.203274981044911929e-01
1.312361540793271963e+01,5.288498219885088281e-01
1.313362579344601677e+01,5.373191514282895653e-01
1.314363617895931391e+01,5.457346377378965441e-01
1.315364656447261282e+01,5.540954376268516501e-01
1.316365694998590996e+01,5.624007132846337020e-01
1.317366733549920710e+01,5.706496324646411766e-01
1.318367772101250424e+01,5.788413685675840581e-01
1.319368810652580137e+01,5.869751007243154683e-01
1.320369849203909851e+01,5.950500138780892012e-01
1.321370887755239565e+01,6.030652988662336123e-01
1.322371926306569279e+01,6.110201525012355361e-01
1.323372964857898992e+01,6.189137776512252387e-01
1.324374003409228706e+01,6.267453833198548541e-01
1.325375041960558420e+01,6.345141847255613143e-01
1.326376080511888134e+01,6.422194033802072211e-01
1.327377119063217847e+01,6.498602671670907771e-01
1.328378157614547561e+01,6.574360104183170073e-01
1.329379196165877453e+01,6.649458739915249383e-01
1.330380234717207166e+01,6.723891053459529754e-01
1.331381273268536880e+01,6.797649586178570180e-01
1.332382311819866594e+01,6.870726946952461223e-01
1.333383350371196308e+01,6.943115812919474772e-01
1.334384388922526021e+01,7.014808930209872617e-01
1.335385427473855735e+01,7.085799114672787224e-01
1.336386466025185449e+01,7.156079252596131424e-01
1.337387504576515163e+01,7.225642301419434865e-01
1.338388543127844876e+01,7.294481290439563947e-01
1.339389581679174590e+01,7.362589321509231954e-01
1.340390620230504304e+01,7.429959569728240565e-01
1.341391658781834018e+01,7.496585284127385007e-01
1.342392697333163909e+01,7.562459788344956246e-01
1.343393735884493623e+01,7.627576481295720301e-01
1.344394774435823336e+01,7.691928837832451293e-01
1.345395812987153050e+01,7.755510409399761773e-01
1.346396851538482764e+01,7.818314824680294706e-01
1.347397890089812478e+01,7.880335790233182758e-01
1.348398928641142192e+01,7.941567091124687172e-01
1.349399967192471905e+01,8.002002591550984034e-01
1.350401005743801619e+01,8.061636235453010224e-01
1.351402044295131333e+01,8.120462047123324645e-01
1.352403082846461047e+01,8.178474131804915892e-01
1.353404121397790760e+01,8.235666676281897525e-01
1.354405159949120474e+01,8.292033949462033204e-01
1.355406198500450188e+01,8.347570302951031751e-01
1.356407237051780079e+01,8.402270171618565486e-01
1.357408275603109793e+01,8.456128074155898622e-01
1.358409314154439507e+01,8.509138613625203407e-01
1.359410352705769220e+01,8.561296478000345322e-01
1.360411391257098934e+01,8.612596440699179512e-01
1.361412429808428648e+01,8.663033361107304042e-01
1.362413468359758362e+01,8.712602185093175633e-01
1.363414506911088075e+01,8.761297945514575636e-01
1.364415545462417789e+01,8.809115762716349662e-01
1.365416584013747503e+01,8.856050845019380890e-01
1.366417622565077217e+01,8.902098489200753750e-01
1.367418661116406930e+01,8.947254080965046930e-01
1.368419699667736644e+01,8.991513095406721279e-01
1.369420738219066536e+01,9.034871097463549328e-01
1.370421776770396249e+01,9.077323742361013137e-01
1.371422815321725963e+01,9.118866776047727107e-01
1.372423853873055677e+01,9.159496035621690346e-01
1.373424892424385391e+01,9.199207449747446308e-01
1.374425930975715104e+01,9.237997039064061999e-01
1.375426969527044818e+01,9.275860916583884563e-01
1.376428008078374532e+01,9.312795288082046374e-01
1.377429046629704246e+01,9.348796452476673124e-01
1.378430085181033959e+01,9.383860802199754936e-01
1.379431123732363673e+01,9.417984823558656071e-01
1.380432162283693387e+01,9.451165097088204403e-01
1.381433200835023101e+01,9.483398297893349538e-01
1.382434239386352814e+01,9.514681195982340745e-01
1.383435277937682706e+01,9.545010656590399156e-01
1.384436316489012420e+01,9.574383640493819847e-01
1.385437355040342133e+01,9.602797204314559298e-01
1.386438393591671847e+01,9.630248500815159485e-01
1.387439432143001561e+01,9.656734779184062978e-01
1.388440470694331275e+01,9.682253385311268001e-01
1.389441509245660988e+01,9.706801762054287908e-01
1.390442547796990702e+01,9.730377449494391762e-01
1.391443586348320416e+01,9.752978085183109380e-01
1.392444624899650130e+01,9.774601404378960856e-01
1.393445663450979843e+01,9.795245240274405019e-01
1.394446702002309557e+01,9.814907524212963530e-01
1.395447740553639271e+01,9.833586285896516177e-01
1.396448779104969162e+01,9.851279653582742935e-01
1.397449817656298876e+01,9.867985854272672830e-01
1.398450856207628590e+01,9.883703213888367367e-01
1.399451894758958304e+01,9.898430157440665234e-01
1.400452933310288017e+01,9.912165209187009385e-01
1.401453971861617731e+01,9.924906992779326531e-01
1.402455010412947445e+01,9.936654231401944593e-01
1.403456048964277159e+01,9.947405747899543682e-01
1.404457087515606872e+01,9.957160464895110641e-01
1.405458126066936586e+01,9.965917404897900456e-01
1.406459164618266300e+01,9.973675690401391236e-01
1.407460203169596014e+01,9.980434543971212769e-01
1.408461241720925727e+01,9.986193288323049755e-01
1.409462280272255441e+01,9.990951346390515297e-01
1.410463318823585332e+01,9.994708241382973535e-01
1.411464357374915046e+01,9.997463596833318089e-01
1.412465395926244760e+01,9.999217136635697445e-01
1.413466434477574474e+01,9.999968685073179486e-01
1.414467473028904188e+01,9.999718166835366295e-01
1.415468511580233901e+01,9.998465607025932567e-01
1.416469550131563615e+01,9.996211131160116503e-01
1.417470588682893329e+01,9.992954965152138769e-01
1.418471627234223043e+01,9.988697435292566151e-01
1.419472665785552756e+01,9.983438968215614384e-01
1.420473704336882470e+01,9.977180090856393457e-01
1.421474742888212184e+01,9.969921430398112072e-01
1.422475781439541898e+01,9.961663714209222364e-01
1.423476819990871789e+01,9.952407769770534873e-01
1.424477858542201503e+01,9.942154524592304865e-01
1.425478897093531216e+01,9.930905006121277800e-01
1.426479935644860930e+01,9.918660341637740574e-01
1.427480974196190644e+01,9.905421758142560762e-01
1.428482012747520358e+01,9.891190582234226092e-01
1.429483051298850071e+01,9.875968239975914109e-01
1.430484089850179785e+01,9.859756256752593151e-01
1.431485128401509499e+01,9.842556257118162399e-01
1.432486166952839213e+01,9.824369964632664320e-01
1.433487205504168926e+01,9.805199201689569488e-01
1.434488244055498640e+01,9.785045889333162661e-01
1.435489282606828354e+01,9.763912047066040101e-01
1.436490321158158245e+01,9.741799792646733680e-01
1.437491359709487959e+01,9.718711341877517285e-01
1.438492398260817673e+01,9.694649008382342226e-01
1.439493436812147387e+01,9.669615203375012680e-01
1.440494475363477100e+01,9.643612435417557860e-01
1.441495513914806814e+01,9.616643310168861980e-01
1.442496552466136528e+01,9.588710530123554232e-01
1.443497591017466242e+01,9.559816894341205407e-01
1.444498629568795955e+01,9.529965298165834486e-01
1.445499668120125669e+01,9.499158732935782945e-01
1.446500706671455383e+01,9.467400285683956751e-01
1.447501745222785097e+01,9.434693138828487147e-01
1.448502783774114810e+01,9.401040569853829076e-01
1.449503822325444524e+01,9.366445950982332791e-01
1.450504860876774416e+01,9.330912748836319714e-01
1.451505899428104129e+01,9.294444524090724746e-01
1.452506937979433843e+01,9.257044931116259479e-01
1.453507976530763557e+01,9.218717717613237328e-01
1.454509015082093271e+01,9.179466724236028385e-01
1.455510053633422984e+01,9.139295884208190612e-01
1.456511092184752698e+01,9.098209222928340667e-01
1.457512130736082412e+01,9.056210857566779904e-01
1.458513169287412126e+01,9.013304996652922174e-01
1.459514207838741839e+01,8.969495939653567840e-01
1.460515246390071553e+01,8.924788076542077286e-01
1.461516284941401267e+01,8.879185887358451712e-01
1.462517323492730981e+01,8.832693941760412226e-01
1.463518362044060872e+01,8.785316898565475041e-01
1.464519400595390586e+01,8.737059505284139327e-01
1.465520439146720300e+01,8.687926597644103355e-01
1.466521477698050013e+01,8.637923099105727642e-01
1.467522516249379727e+01,8.587054020368654061e-01
1.468523554800709441e+01,8.535324458869707476e-01
1.469524593352039155e+01,8.482739598272091008e-01
1.470525631903368868e+01,8.429304707945948216e-01
1.471526670454698582e+01,8.375025142440335468e-01
1.472527709006028296e+01,8.319906340946661150e-01
1.473528747557358010e+01,8.263953826753637211e-01
1.474529786108687723e+01,8.207173206693807455e-01
1.475530824660017437e+01,8.149570170581705852e-01
1.476531863211347151e+01,8.091150490643698179e-01
1.477532901762677042e+01,8.031920020939550264e-01
1.478533940314006756e+01,7.971884696775852763e-01
1.479534978865336470e+01,7.911050534111204735e-01
1.480536017416666184e+01,7.849423628953406951e-01
1.481537055967995897e+01,7.787010156748594980e-01
1.482538094519325611e+01,7.723816371762411981e-01
1.483539133070655325e+01,7.659848606453290021e-01
1.484540171621985039e+01,7.595113270837894337e-01
1.485541210173314752e+01,7.529616851848789372e-01
1.486542248724644466e+01,7.463365912684412073e-01
1.487543287275974180e+01,7.396367092151384659e-01
1.488544325827303894e+01,7.328627103999266756e-01
1.489545364378633607e+01,7.260152736247785787e-01
1.490546402929963499e+01,7.190950850506618863e-01
1.491547441481293212e+01,7.121028381287863862e-01
1.492548480032622926e+01,7.050392335311075342e-01
1.493549518583952640e+01,6.979049790801195030e-01
1.494550557135282354e+01,6.907007896779245870e-01
1.495551595686612067e+01,6.834273872345959511e-01
1.496552634237941781e+01,6.760855005958362751e-01
1.497553672789271495e+01,6.686758654699428428e-01
1.498554711340601209e+01,6.611992243540844028e-01
1.499555749891930923e+01,6.536563264598976852e-01
1.500556788443260636e+01,6.460479276384111236e-01
1.501557826994590350e+01,6.383747903043033300e-01
1.502558865545920064e+01,6.306376833595037645e-01
1.503559904097249778e+01,6.228373821161437007e-01
1.504560942648579669e+01,6.149746682188627078e-01
1.505561981199909383e+01,6.070503295664883003e-01
1.506563019751239096e+01,5.990651602330744341e-01
1.507564058302568810e+01,5.910199603883353747e-01
1.508565096853898524e+01,5.829155362174618382e-01
1.509566135405228238e+01,5.747526998403352794e-01
1.510567173956557951e+01,5.665322692301481000e-01
1.511568212507887665e+01,5.582550681314371044e-01
1.512569251059217379e+01,5.499219259775379731e-01
1.513570289610547093e+01,5.415336778074711921e-01
1.514571328161876806e+01,5.330911641822643210e-01
1.515572366713206520e+01,5.245952311007227031e-01
1.516573405264536234e+01,5.160467299146538345e-01
1.517574443815866125e+01,5.074465172435549398e-01
1.518575482367195839e+01,4.987954548887797990e-01
1.519576520918525553e+01,4.900944097471705008e-01
1.520577559469855267e+01,4.813442537241952035e-01
1.521578598021184980e+01,4.725458636465750817e-01
1.522579636572514694e+01,4.637001211744203322e-01
1.523580675123844408e+01,4.548079127128817345e-01
1.524581713675174122e+01,4.458701293233264806e-01
1.525582752226503835e+01,4.368876666340478776e-01
1.526583790777833549e+01,4.278614247505168611e-01
1.527584829329163263e+01,4.187923081651852564e-01
1.528585867880492977e+01,4.096812256668494467e-01
1.529586906431822690e+01,4.005290902495831640e-01
1.530587944983152404e+01,3.913368190212493380e-01
1.531588983534482296e+01,3.821053331115976115e-01
1.532590022085812009e+01,3.728355575799673916e-01
1.533591060637141723e+01,3.635284213225807859e-01
1.534592099188471437e+01,3.541848569794667778e-01
1.535593137739801151e+01,3.448058008410030961e-01
1.536594176291130864e+01,3.353921927540931547e-01
1.537595214842460578e+01,3.259449760279866104e-01
1.538596253393790292e+01,3.164650973397535871e-01
1.539597291945120006e+01,3.069535066394207812e-01
1.540598330496449719e+01,2.974111570547798289e-01
1.541599369047779433e+01,2.878390047958774844e-01
1.542600407599109147e+01,2.782380090591963784e-01
1.543601446150438861e+01,2.686091319315369597e-01
1.544602484701768752e+01,2.589533382936081152e-01
1.545603523253098466e+01,2.492715957233460067e-01
1.546604561804428180e+01,2.395648743989458596e-01
1.547605600355757893e+01,2.298341470016502242e-01
1.548606638907087607e+01,2.200803886182776670e-01
1.549607677458417321e+01,2.103045766435124031e-01
1.550608716009747035e+01,2.005076906819623916e-01
1.551609754561076748e+01,1.906907124499963024e-01
1.552610793112406462e+01,1.808546256773685135e-01
1.553611831663736176e+01,1.710004160086425196e-01
1.554612870215065890e+01,1.611290709044226610e-01
1.555613908766395603e+01,1.512415795424034148e-01
1.556614947317725317e+01,1.413389327182471011e-01
1.557615985869055031e+01,1.314221227462991082e-01
1.558617024420384922e+01,1.214921433601493517e-01
1.559618062971714636e+01,1.115499896130602714e-01
1.560619101523044350e+01,1.015966577782450031e-01
1.561620140074374063e+01,9.163314524904087044e-02
1.562621178625703777e+01,8.166045043896180688e-02
1.563622217177033491e+01,7.167957268165046913e-02
1.564623255728363205e+01,6.169151213073787582e-02
1.565624294279692919e+01,5.169726965962116033e-02
1.566625332831022632e+01,4.169784676116901345e-02
1.567626371382352346e+01,3.169424544736507837e-02
1.568627409933682060e+01,2.168746814889943239e-02
1.569628448485011774e+01,1.167851761471795820e-02
1.570629487036341487e+01,1.668396811539937406e-03
1.571630525587671379e+01,-8.341891176648000630e-03
1.572631564139001092e+01,-1.835134324910079121e-02
1.573632602690330806e+01,-2.835895638884329203e-02
1.574633641241660520e+01,-3.836372776317248379e-02
1.575634679792990234e+01,-4.836465482415007455e-02
1.576635718344319947e+01,-5.836073540906480672e-02
1.577636756895649661e+01,-6.835096784085617494e-02
1.578637795446979375e+01,-7.833435102848942955e-02
1.579638833998309089e+01,-8.830988456727190128e-02
1.580639872549638802e+01,-9.827656883910054764e-02
1.581640911100968516e+01,-1.082334051126306457e-01
1.582641949652298230e+01,-1.181793956433556531e-01
1.583642988203627944e+01,-1.281135437735881899e-01
1.584644026754957657e+01,-1.380348540323320661e-01
1.585645065306287549e+01,-1.479423322350371939e-01
1.586646103857617263e+01,-1.578349855832168191e-01
1.587647142408946976e+01,-1.677118227639433357e-01
1.588648180960276690e+01,-1.775718540491778297e-01
1.589649219511606404e+01,-1.874140913949493836e-01
1.590650258062936118e+01,-1.972375485403641271e-01
1.591651296614265831e+01,-2.070412411064352642e-01
1.592652335165595545e+01,-2.168241866947249463e-01
1.593653373716925259e+01,-2.265854049857872199e-01
1.594654412268254973e+01,-2.363239178374031413e-01
1.595655450819584686e+01,-2.460387493825971494e-01
1.596656489370914400e+01,-2.557289261274260928e-01
1.597657527922244114e+01,-2.653934770485297800e-01
1.598658566473574005e+01,-2.750314336904362000e-01
1.599659605024903719e+01,-2.846418302626008145e-01
1.600660643576233255e+01,-2.942237037361936647e-01
1.601661682127562969e+01,-3.037760939406019545e-01
1.602662720678892683e+01,-3.132980436596370932e-01
1.603663759230222396e+01,-3.227885987274614621e-01
1.604664797781552110e+01,-3.322468081242005988e-01
1.605665836332882179e+01,-3.416717240712453529e-01
1.606666874884211893e+01,-3.510624021262127581e-01
1.607667913435541607e+01,-3.604179012776057012e-01
1.608668951986871321e+01,-3.697372840390953930e-01
1.609669990538201034e+01,-3.790196165434674413e-01
1.610671029089530748e+01,-3.882639686362018838e-01
1.611672067640860462e+01,-3.974694139686812955e-01
1.612673106192190176e+01,-4.066350300910170357e-01
1.613674144743519889e+01,-4.157598985444855288e-01
1.614675183294849603e+01,-4.248431049535640325e-01
1.615676221846179317e+01,-4.338837391175575653e-01
1.616677260397509031e+01,-4.428808951018071705e-01
1.617678298948838744e+01,-4.518336713284712425e-01
1.618679337500168458e+01,-4.607411706668695373e-01
1.619680376051498172e+01,-4.696025005233822602e-01
1.620681414602827886e+01,-4.784167729308938521e-01
1.621682453154157599e+01,-4.871831046377738117e-01
1.622683491705487313e+01,-4.959006171963845078e-01
1.623684530256817027e+01,-5.045684370511076544e-01
1.624685568808146741e+01,-5.131856956258811220e-01
1.625686607359476454e+01,-5.217515294112355928e-01
1.626687645910806168e+01,-5.302650800508249551e-01
1.627688684462135882e+01,-5.387254944274393331e-01
1.628689723013465596e+01,-5.471319247484932591e-01
1.629690761564795309e+01,-5.554835286309803832e-01
1.630691800116125023e+01,-5.637794691858866170e-01
1.631692838667454737e+01,-5.720189151020514950e-01
1.632693877218784806e+01,-5.802010407294748706e-01
1.633694915770114520e+01,-5.883250261620410759e-01
1.634695954321444233e+01,-5.963900573196964094e-01
1.635696992872773947e+01,-6.043953260300142238e-01
1.636698031424103661e+01,-6.123400301091824760e-01
1.637699069975433375e+01,-6.202233734423876488e-01
1.638700108526763088e+01,-6.280445660635917138e-01
1.639701147078092802e+01,-6.358028242346916992e-01
1.640702185629422516e+01,-6.434973705240559783e-01
1.641703224180752230e+01,-6.511274338844280640e-01
1.642704262732081943e+01,-6.586922497301913593e-01
1.643705301283411657e+01,-6.661910600139857586e-01
1.644706339834741371e+01,-6.736231133026689966e-01
1.645707378386071085e+01,-6.809876648526159704e-01
1.646708416937400798e+01,-6.882839766843472651e-01
1.647709455488730512e+01,-6.955113176564791111e-01
1.648710494040060226e+01,-7.026689635389898880e-01
1.649711532591389940e+01,-7.097561970857920732e-01
1.650712571142719653e+01,-7.167723081066063040e-01
1.651713609694049367e+01,-7.237165935381262294e-01
1.652714648245379081e+01,-7.305883575144713760e-01
1.653715686796708795e+01,-7.373869114369173694e-01
1.654716725348038509e+01,-7.441115740428981828e-01
1.655717763899368222e+01,-7.507616714742736397e-01
1.656718802450697936e+01,-7.573365373448546212e-01
1.657719841002027650e+01,-7.638355128071795397e-01
1.658720879553357364e+01,-7.702579466185356383e-01
1.659721918104687433e+01,-7.766031952062202315e-01
1.660722956656017146e+01,-7.828706227320219035e-01
1.661723995207346860e+01,-7.890596011559499745e-01
1.662725033758676574e+01,-7.951695102991590547e-01
1.663726072310006288e+01,-8.011997379060978863e-01
1.664727110861336001e+01,-8.071496797058610451e-01
1.665728149412665715e+01,-8.130187394727417249e-01
1.666729187963995429e+01,-8.188063290859775023e-01
1.667730226515325143e+01,-8.245118685886841936e-01
1.668731265066654856e+01,-8.301347862459712568e-01
1.669732303617984570e+01,-8.356745186022339622e-01
1.670733342169314284e+01,-8.411305105376156721e-01
1.671734380720643998e+01,-8.465022153236342328e-01
1.672735419271973711e+01,-8.517890946779685946e-01
1.673736457823303425e+01,-8.569906188183979978e-01
1.674737496374633139e+01,-8.621062665158899518e-01
1.675738534925962853e+01,-8.671355251468312320e-01
1.676739573477292566e+01,-8.720778907443961225e-01
1.677740612028622280e+01,-8.769328680490473538e-01
1.678741650579951994e+01,-8.816999705581649582e-01
1.679742689131281708e+01,-8.863787205747968301e-01
1.680743727682611421e+01,-8.909686492555273229e-01
1.681744766233941135e+01,-8.954692966574588908e-01
1.682745804785270849e+01,-8.998802117843013315e-01
1.683746843336600563e+01,-9.042009526315649692e-01
1.684747881887930276e+01,-9.084310862308523360e-01
1.685748920439259990e+01,-9.125701886932447993e-01
1.686749958990590059e+01,-9.166178452517806940e-01
1.687750997541919773e+01,-9.205736503030119700e-01
1.688752036093249487e+01,-9.244372074476571166e-01
1.689753074644579200e+01,-9.282081295303175050e-01
1.690754113195908914e+01,-9.318860386782744643e-01
1.691755151747238628e+01,-9.354705663393545478e-01
1.692756190298568342e+01,-9.389613533188615468e-01
1.693757228849898056e+01,-9.423580498155696983e-01
1.694758267401227769e+01,-9.456603154567766456e-01
1.695759305952557483e+01,-9.488678193324107113e-01
1.696760344503887197e+01,-9.519802400281912602e-01
1.697761383055216911e+01,-9.549972656578354924e-01
1.698762421606546624e+01,-9.579185938943125533e-01
1.699763460157876338e+01,-9.607439320001384120e-01
1.700764498709206052e+01,-9.634729968567101732e-01
1.701765537260535766e+01,-9.661055149926769392e-01
1.702766575811865479e+01,-9.686412226113427781e-01
1.703767614363195193e+01,-9.710798656171018006e-01
1.704768652914524907e+01,-9.734211996408997924e-01
1.705769691465854621e+01,-9.756649900647220708e-01
1.706770730017184334e+01,-9.778110120451034559e-01
1.707771768568514048e+01,-9.798590505356594704e-01
1.708772807119843762e+01,-9.818089003086353239e-01
1.709773845671173476e+01,-9.836603659754712403e-01
1.710774884222503189e+01,-9.854132620063815740e-01
1.711775922773832903e+01,-9.870674127489467153e-01
1.712776961325162617e+01,-9.886226524457139009e-01
1.713777999876492686e+01,-9.900788252508084808e-01
1.714779038427822400e+01,-9.914357852455482067e-01
1.715780076979152113e+01,-9.926933964530689769e-01
1.716781115530481827e+01,-9.938515328519478276e-01
1.717782154081811541e+01,-9.949100783888323862e-01
1.718783192633141255e+01,-9.958689269900696805e-01
1.719784231184470968e+01,-9.967279825723358577e-01
1.720785269735800682e+01,-9.974871590522643716e-01
1.721786308287130396e+01,-9.981463803550716385e-01
1.722787346838460110e+01,-9.987055804221810495e-01
1.723788385389789823e+01,-9.991647032178417875e-01
1.724789423941119537e+01,-9.995237027347446679e-01
1.725790462492449251e+01,-9.997825429986315626e-01
1.726791501043778965e+01,-9.999411980719010717e-01
1.727792539595108678e+01,-9.999996520562072222e-01
1.728793578146438392e+01,-9.999578990940527490e-01
1.729794616697768106e+01,-9.998159433693759590e-01
1.730795655249097820e+01,-9.995737991071313999e-01
1.731796693800427533e+01,-9.992314905718646667e-01
1.732797732351757247e+01,-9.987890520652809023e-01
1.733798770903086961e+01,-9.982465279228069921e-01
1.734799809454416675e+01,-9.976039725091498944e-01
1.735800848005746388e+01,-9.968614502128476662e-01
1.736801886557076102e+01,-9.960190354398184009e-01
1.737802925108405816e+01,-9.950768126059033047e-01
1.738803963659735530e+01,-9.940348761284084622e-01
1.739805002211065244e+01,-9.928933304166429608e-01
1.740806040762395313e+01,-9.916522898614562598e-01
1.741807079313725026e+01,-9.903118788237768033e-01
1.742808117865054740e+01,-9.888722316221482123e-01
1.743809156416384454e+01,-9.873334925192704947e-01
1.744810194967714168e+01,-9.856958157075443872e-01
1.745811233519043881e+01,-9.839593652936194923e-01
1.746812272070373595e+01,-9.821243152819500999e-01
1.747813310621703309e+01,-9.801908495573583568e-01
1.748814349173033023e+01,-9.781591618666080068e-01
1.749815387724362736e+01,-9.760294557989896980e-01
1.750816426275692450e+01,-9.738019447659194139e-01
1.751817464827022164e+01,-9.714768519795536905e-01
1.752818503378351878e+01,-9.690544104304220641e-01
1.753819541929681591e+01,-9.665348628640795248e-01
1.754820580481011305e+01,-9.639184617567819746e-01
1.755821619032341019e+01,-9.612054692901863540e-01
1.756822657583670733e+01,-9.583961573250782129e-01
1.757823696135000446e+01,-9.554908073741289476e-01
1.758824734686330160e+01,-9.524897105736870317e-01
1.759825773237659874e+01,-9.493931676546034648e-01
1.760826811788989588e+01,-9.462014889120966554e-01
1.761827850340319301e+01,-9.429149941746587382e-01
1.762828888891649015e+01,-9.395340127720066548e-01
1.763829927442978729e+01,-9.360588835020805520e-01
1.764830965994308443e+01,-9.324899545970943837e-01
1.765832004545638156e+01,-9.288275836886401571e-01
1.766833043096967870e+01,-9.250721377718512661e-01
1.767834081648297939e+01,-9.212239931686250216e-01
1.768835120199627653e+01,-9.172835354899186999e-01
1.769836158750957367e+01,-9.132511595970999041e-01
1.770837197302287080e+01,-9.091272695623844324e-01
1.771838235853616794e+01,-9.049122786283441133e-01
1.772839274404946508e+01,-9.006066091664964857e-01
1.773840312956276222e+01,-8.962106926349812097e-01
1.774841351507605935e+01,-8.917249695353238748e-01
1.775842390058935649e+01,-8.871498893682955300e-01
1.776843428610265363e+01,-8.824859105888689381e-01
1.777844467161595077e+01,-8.777335005602785456e-01
1.778845505712924790e+01,-8.728931355071873899e-01
1.779846544264254504e+01,-8.679653004679659389e-01
1.780847582815584218e+01,-8.629504892460879706e-01
1.781848621366913932e+01,-8.578492043606479323e-01
1.782849659918243646e+01,-8.526619569960051104e-01
1.783850698469573359e+01,-8.473892669505592723e-01
1.784851737020903073e+01,-8.420316625846634428e-01
1.785852775572232787e+01,-8.365896807676781455e-01
1.786853814123562501e+01,-8.310638668241737692e-01
1.787854852674892214e+01,-8.254547744792849473e-01
1.788855891226221928e+01,-8.197629658032234978e-01
1.789856929777551642e+01,-8.139890111549552554e-01
1.790857968328881356e+01,-8.081334891250457897e-01
1.791859006880211069e+01,-8.021969864776817838e-01
1.792860045431540783e+01,-7.961800980918730675e-01
1.793861083982870497e+01,-7.900834269018420786e-01
1.794862122534200566e+01,-7.839075838366024174e-01
1.795863161085530280e+01,-7.776531877587492536e-01
1.796864199636859993e+01,-7.713208654024314992e-01
1.797865238188189707e+01,-7.649112513105571498e-01
1.798866276739519421e+01,-7.584249877712059273e-01
1.799867315290849135e+01,-7.518627247532670976e-01
1.800868353842178848e+01,-7.452251198413083477e-01
1.801869392393508562e+01,-7.385128381696812738e-01
1.802870430944838276e+01,-7.317265523558699192e-01
1.803871469496167990e+01,-7.248669424330901334e-01
1.804872508047497703e+01,-7.179346957821453046e-01
1.805873546598827417e+01,-7.109305070625463463e-01
1.806874585150157131e+01,-7.038550781429011582e-01
1.807875623701486845e+01,-6.967091180305836629e-01
1.808876662252816558e+01,-6.894933428006851939e-01
1.809877700804146272e+01,-6.822084755242596721e-01
1.810878739355475986e+01,-6.748552461958661208e-01
1.811879777906805700e+01,-6.674343916604184024e-01
1.812880816458135413e+01,-6.599466555393487255e-01
1.813881855009465127e+01,-6.523927881560904751e-01
1.814882893560794841e+01,-6.447735464608915779e-01
1.815883932112124555e+01,-6.370896939549622884e-01
1.816884970663454268e+01,-6.293420006139671674e-01
1.817886009214783982e+01,-6.215312428108682452e-01
1.818887047766113696e+01,-6.136582032381266982e-01
1.819888086317443410e+01,-6.057236708292721428e-01
1.820889124868773479e+01,-5.977284406798425431e-01
1.821890163420103192e+01,-5.896733139677220459e-01
1.822891201971432906e+01,-5.815590978728395477e-01
1.823892240522762620e+01,-5.733866054962960535e-01
1.824893279074092334e+01,-5.651566557788824108e-01
1.825894317625422048e+01,-5.568700734190161761e-01
1.826895356176751761e+01,-5.485276887901012755e-01
1.827896394728081475e+01,-5.401303378573184544e-01
1.828897433279411189e+01,-5.316788620938557308e-01
1.829898471830740903e+01,-5.231741083965872896e-01
1.830899510382070616e+01,-5.146169290012078124e-01
1.831900548933400330e+01,-5.060081813968334563e-01
1.832901587484730044e+01,-4.973487282400744225e-01
1.833902626036059758e+01,-4.886394372685916587e-01
1.834903664587389471e+01,-4.798811812141428046e-01
1.835904703138719185e+01,-4.710748377151288691e-01
1.836905741690048899e+01,-4.622212892286483576e-01
1.837906780241378613e+01,-4.533214229420691188e-01
1.838907818792708326e+01,-4.443761306841259584e-01
1.839908857344038040e+01,-4.353863088355531819e-01
1.840909895895367754e+01,-4.263528582392608901e-01
1.841910934446697468e+01,-4.172766841100642443e-01
1.842911972998027181e+01,-4.081586959439747475e-01
1.843913011549356895e+01,-3.989998074270623141e-01
1.844914050100686609e+01,-3.898009363438975639e-01
1.845915088652016323e+01,-3.805630044855833338e-01
1.846916127203346036e+01,-3.712869375573848441e-01
1.847917165754676105e+01,-3.619736650859642357e-01
1.848918204306005819e+01,-3.526241203262487911e-01
1.849919242857335533e+01,-3.432392401678923122e-01
1.850920281408665247e+01,-3.338199650414056530e-01
1.851921319959994960e+01,-3.243672388239154936e-01
1.852922358511324674e+01,-3.148820087445813876e-01
1.853923397062654388e+01,-3.053652252896767449e-01
1.854924435613984102e+01,-2.958178421073436315e-01
1.855925474165313815e+01,-2.862408159120302109e-01
1.856926512716643529e+01,-2.766351063886216544e-01
1.857927551267973243e+01,-2.670016760962728442e-01
1.858928589819302957e+01,-2.573414903719531410e-01
1.859929628370632670e+01,-2.476555172337130406e-01
1.860930666921962384e+01,-2.379447272836819616e-01
1.861931705473292098e+01,-2.282100936108071298e-01
1.862932744024621812e+01,-2.184525916933431622e-01
1.863933782575951525e+01,-2.086731993011025355e-01
1.864934821127281239e+01,-1.988728963974761010e-01
1.865935859678610953e+01,-1.890526650412338860e-01
1.866936898229940667e+01,-1.792134892881160624e-01
1.867937936781270380e+01,-1.693563550922236038e-01
1.868938975332600094e+01,-1.594822502072187898e-01
1.869940013883929808e+01,-1.495921640873454639e-01
1.870941052435259522e+01,-1.396870877882787632e-01
1.871942090986589236e+01,-1.297680138678144190e-01
1.872943129537918949e+01,-1.198359362864075822e-01
1.873944168089248663e+01,-1.098918503075709818e-01
1.874945206640578732e+01,-9.993675239813908096e-02
1.875946245191908446e+01,-8.997164012842927272e-02
1.876947283743238160e+01,-7.999751207225713756e-02
1.877948322294567873e+01,-7.001536770688657207e-02
1.878949360845897587e+01,-6.002620731287160172e-02
1.879950399397227301e+01,-5.003103187382129668e-02
1.880951437948557015e+01,-4.003084297609423026e-02
1.881952476499886728e+01,-3.002664270843255490e-02
1.882953515051216442e+01,-2.001943356154568116e-02
1.883954553602546156e+01,-1.001021832765372661e-02
1.884955592153875870e+01,-7.347880794884118750e-16
